-0.000000
-0.036663
-0.051841
-0.063482
-0.073291
-0.081929
-0.089734
-0.096908
-0.103583
-0.109848
-0.115772
-0.121403
-0.126780
-0.131936
-0.136894
-0.141676
-0.146299
-0.150777
-0.155123
-0.159348
-0.163461
-0.167471
-0.171384
-0.175207
-0.178947
-0.182607
-0.186193
-0.189709
-0.193159
-0.196546
-0.199874
-0.203145
-0.206362
-0.209527
-0.212643
-0.215713
-0.218737
-0.221718
-0.224658
-0.227557
-0.230419
-0.233243
-0.236032
-0.238786
-0.241508
-0.244197
-0.246855
-0.249483
-0.252082
-0.254652
-0.257196
-0.259712
-0.262203
-0.264669
-0.267111
-0.269528
-0.271923
-0.274295
-0.276645
-0.278974
-0.281282
-0.283570
-0.285838
-0.288087
-0.290317
-0.292528
-0.294721
-0.296896
-0.299055
-0.301196
-0.303321
-0.305429
-0.307522
-0.309599
-0.311661
-0.313708
-0.315741
-0.317759
-0.319763
-0.321753
-0.323729
-0.325692
-0.327642
-0.329580
-0.331504
-0.333417
-0.335317
-0.337205
-0.339081
-0.340946
-0.342799
-0.344641
-0.346472
-0.348292
-0.350101
-0.351900
-0.353689
-0.355467
-0.357235
-0.358994
-0.360742
-0.362481
-0.364211
-0.365931
-0.367642
-0.369343
-0.371036
-0.372720
-0.374395
-0.376062
-0.377720
-0.379370
-0.381011
-0.382644
-0.384269
-0.385887
-0.387496
-0.389098
-0.390692
-0.392278
-0.393857
-0.395428
-0.396992
-0.398549
-0.400099
-0.401642
-0.403177
-0.404706
-0.406228
-0.407744
-0.409252
-0.410754
-0.412250
-0.413739
-0.415221
-0.416698
-0.418168
-0.419632
-0.421090
-0.422541
-0.423987
-0.425427
-0.426861
-0.428289
-0.429711
-0.431128
-0.432539
-0.433945
-0.435344
-0.436739
-0.438128
-0.439512
-0.440890
-0.442263
-0.443631
-0.444993
-0.446351
-0.447703
-0.449051
-0.450393
-0.451731
-0.453063
-0.454391
-0.455714
-0.457032
-0.458345
-0.459654
-0.460958
-0.462257
-0.463552
-0.464842
-0.466128
-0.467410
-0.468686
-0.469959
-0.471227
-0.472491
-0.473751
-0.475006
-0.476257
-0.477504
-0.478747
-0.479985
-0.481220
-0.482450
-0.483677
-0.484899
-0.486118
-0.487332
-0.488543
-0.489750
-0.490953
-0.492152
-0.493347
-0.494539
-0.495726
-0.496910
-0.498091
-0.499268
-0.500441
-0.501610
-0.502776
-0.503939
-0.505097
-0.506253
-0.507405
-0.508553
-0.509698
-0.510840
-0.511978
-0.513113
-0.514244
-0.515372
-0.516497
-0.517619
-0.518737
-0.519852
-0.520964
-0.522072
-0.523178
-0.524280
-0.525379
-0.526475
-0.527568
-0.528658
-0.529745
-0.530829
-0.531909
-0.532987
-0.534062
-0.535134
-0.536203
-0.537269
-0.538332
-0.539392
-0.540449
-0.541503
-0.542555
-0.543603
-0.544649
-0.545692
-0.546733
-0.547770
-0.548805
-0.549837
-0.550866
-0.551893
-0.552917
-0.553938
-0.554957
-0.555973
-0.556986
-0.557997
-0.559005
-0.560010
-0.561013
-0.562013
-0.563011
-0.564007
-0.564999
-0.565990
-0.566977
-0.567963
-0.568946
-0.569926
-0.570904
-0.571879
-0.572852
-0.573823
-0.574791
-0.575757
-0.576721
-0.577682
-0.578641
-0.579597
-0.580552
-0.581503
-0.582453
-0.583400
-0.584345
-0.585288
-0.586229
-0.587167
-0.588103
-0.589037
-0.589968
-0.590898
-0.591825
-0.592750
-0.593673
-0.594593
-0.595512
-0.596428
-0.597343
-0.598255
-0.599165
-0.600073
-0.600978
-0.601882
-0.602784
-0.603683
-0.604581
-0.605477
-0.606370
-0.607261
-0.608151
-0.609038
-0.609924
-0.610807
-0.611689
-0.612568
-0.613446
-0.614321
-0.615195
-0.616066
-0.616936
-0.617804
-0.618670
-0.619534
-0.620396
-0.621256
-0.622114
-0.622971
-0.623825
-0.624678
-0.625529
-0.626378
-0.627225
-0.628070
-0.628914
-0.629755
-0.630595
-0.631433
-0.632270
-0.633104
-0.633937
-0.634768
-0.635597
-0.636424
-0.637250
-0.638074
-0.638896
-0.639716
-0.640535
-0.641352
-0.642167
-0.642981
-0.643793
-0.644603
-0.645411
-0.646218
-0.647023
-0.647827
-0.648628
-0.649429
-0.650227
-0.651024
-0.651819
-0.652613
-0.653404
-0.654195
-0.654984
-0.655771
-0.656556
-0.657340
-0.658122
-0.658903
-0.659682
-0.660460
-0.661236
-0.662010
-0.662783
-0.663554
-0.664324
-0.665092
-0.665859
-0.666624
-0.667388
-0.668150
-0.668910
-0.669670
-0.670427
-0.671183
-0.671938
-0.672691
-0.673443
-0.674193
-0.674941
-0.675689
-0.676434
-0.677178
-0.677921
-0.678663
-0.679403
-0.680141
-0.680878
-0.681614
-0.682348
-0.683081
-0.683812
-0.684542
-0.685270
-0.685997
-0.686723
-0.687447
-0.688170
-0.688892
-0.689612
-0.690331
-0.691048
-0.691764
-0.692479
-0.693192
-0.693904
-0.694615
-0.695324
-0.696032
-0.696738
-0.697444
-0.698148
-0.698850
-0.699551
-0.700251
-0.700950
-0.701647
-0.702343
-0.703038
-0.703731
-0.704423
-0.705114
-0.705803
-0.706492
-0.707179
-0.707864
-0.708549
-0.709232
-0.709914
-0.710594
-0.711273
-0.711951
-0.712628
-0.713304
-0.713978
-0.714651
-0.715323
-0.715994
-0.716663
-0.717331
-0.717998
-0.718664
-0.719328
-0.719991
-0.720653
-0.721314
-0.721974
-0.722632
-0.723290
-0.723946
-0.724600
-0.725254
-0.725907
-0.726558
-0.727208
-0.727857
-0.728505
-0.729151
-0.729797
-0.730441
-0.731084
-0.731726
-0.732367
-0.733006
-0.733645
-0.734282
-0.734919
-0.735554
-0.736188
-0.736820
-0.737452
-0.738083
-0.738712
-0.739340
-0.739968
-0.740594
-0.741219
-0.741842
-0.742465
-0.743087
-0.743707
-0.744327
-0.744945
-0.745562
-0.746178
-0.746794
-0.747407
-0.748020
-0.748632
-0.749243
-0.749853
-0.750461
-0.751069
-0.751675
-0.752281
-0.752885
-0.753488
-0.754090
-0.754692
-0.755292
-0.755891
-0.756489
-0.757086
-0.757682
-0.758277
-0.758870
-0.759463
-0.760055
-0.760646
-0.761235
-0.761824
-0.762412
-0.762998
-0.763584
-0.764169
-0.764752
-0.765335
-0.765917
-0.766497
-0.767077
-0.767655
-0.768233
-0.768810
-0.769385
-0.769960
-0.770533
-0.771106
-0.771678
-0.772248
-0.772818
-0.773387
-0.773954
-0.774521
-0.775087
-0.775652
-0.776215
-0.776778
-0.777340
-0.777901
-0.778461
-0.779020
-0.779578
-0.780135
-0.780692
-0.781247
-0.781801
-0.782354
-0.782907
-0.783458
-0.784009
-0.784558
-0.785107
-0.785654
-0.786201
-0.786747
-0.787292
-0.787836
-0.788379
-0.788921
-0.789462
-0.790002
-0.790542
-0.791080
-0.791618
-0.792154
-0.792690
-0.793225
-0.793759
-0.794292
-0.794824
-0.795355
-0.795885
-0.796415
-0.796943
-0.797471
-0.797998
-0.798523
-0.799048
-0.799572
-0.800096
-0.800618
-0.801139
-0.801660
-0.802179
-0.802698
-0.803216
-0.803733
-0.804249
-0.804765
-0.805279
-0.805793
-0.806305
-0.806817
-0.807328
-0.807838
-0.808347
-0.808856
-0.809363
-0.809870
-0.810376
-0.810881
-0.811385
-0.811888
-0.812391
-0.812892
-0.813393
-0.813893
-0.814392
-0.814890
-0.815388
-0.815884
-0.816380
-0.816875
-0.817369
-0.817862
-0.818355
-0.818847
-0.819337
-0.819827
-0.820316
-0.820805
-0.821292
-0.821779
-0.822265
-0.822750
-0.823234
-0.823718
-0.824200
-0.824682
-0.825163
-0.825643
-0.826123
-0.826601
-0.827079
-0.827556
-0.828032
-0.828508
-0.828982
-0.829456
-0.829929
-0.830402
-0.830873
-0.831344
-0.831814
-0.832283
-0.832751
-0.833218
-0.833685
-0.834151
-0.834616
-0.835081
-0.835544
-0.836007
-0.836469
-0.836931
-0.837391
-0.837851
-0.838310
-0.838616
-0.785024
-0.762508
-0.745178
-0.730563
-0.717701
-0.706100
-0.695466
-0.685605
-0.676384
-0.667706
-0.659496
-0.651697
-0.644263
-0.637157
-0.630348
-0.623810
-0.617521
-0.611463
-0.605619
-0.599976
-0.594521
-0.589242
-0.584131
-0.579179
-0.574378
-0.569720
-0.565200
-0.560812
-0.556550
-0.552410
-0.548387
-0.544478
-0.540678
-0.536984
-0.533392
-0.529901
-0.526507
-0.523207
-0.520000
-0.516882
-0.513852
-0.510908
-0.508048
-0.505271
-0.502574
-0.499956
-0.497416
-0.494953
-0.492564
-0.490250
-0.488008
-0.485838
-0.483739
-0.481710
-0.479750
-0.477857
-0.476032
-0.474274
-0.472581
-0.470954
-0.469391
-0.467892
-0.466456
-0.465084
-0.463773
-0.462525
-0.461338
-0.460212
-0.459148
-0.458143
-0.457199
-0.456314
-0.455489
-0.454724
-0.454017
-0.453369
-0.452780
-0.452250
-0.451778
-0.451365
-0.451010
-0.450713
-0.450474
-0.450294
-0.450172
-0.450107
-0.450102
-0.450154
-0.450265
-0.450435
-0.450663
-0.450950
-0.451296
-0.451702
-0.452166
-0.452691
-0.453275
-0.453920
-0.454626
-0.455392
-0.456220
-0.457109
-0.458061
-0.459075
-0.460153
-0.461294
-0.462500
-0.463770
-0.465106
-0.466509
-0.467978
-0.469515
-0.471121
-0.472796
-0.474541
-0.476358
-0.478247
-0.480209
-0.482246
-0.484359
-0.486550
-0.488818
-0.491167
-0.493598
-0.496112
-0.498710
-0.501396
-0.504171
-0.507037
-0.509997
-0.513053
-0.516207
-0.519463
-0.522823
-0.526292
-0.529872
-0.533568
-0.537384
-0.541324
-0.545393
-0.549598
-0.553943
-0.558437
-0.563086
-0.567898
-0.572884
-0.578053
-0.583416
-0.588988
-0.594784
-0.600821
-0.607119
-0.613703
-0.620601
-0.627848
-0.635486
-0.643566
-0.652156
-0.661341
-0.671239
-0.682014
-0.693910
-0.707320
-0.722954
-0.742397
-0.771482
-0.765816
-0.740505
-0.722990
-0.708902
-0.696883
-0.686297
-0.676784
-0.668116
-0.660138
-0.652740
-0.645839
-0.639371
-0.633287
-0.627544
-0.622111
-0.616959
-0.612065
-0.607409
-0.602974
-0.598745
-0.594709
-0.590854
-0.587171
-0.583650
-0.580283
-0.577062
-0.573982
-0.571035
-0.568218
-0.565524
-0.562949
-0.560489
-0.558140
-0.555898
-0.553761
-0.551724
-0.549786
-0.547944
-0.546194
-0.544536
-0.542966
-0.541482
-0.540084
-0.538768
-0.537534
-0.536380
-0.535304
-0.534305
-0.533382
-0.532533
-0.531757
-0.531054
-0.530421
-0.529859
-0.529366
-0.528942
-0.528585
-0.528295
-0.528072
-0.527913
-0.527820
-0.527790
-0.527825
-0.527922
-0.528082
-0.528304
-0.528588
-0.528933
-0.529339
-0.529806
-0.530332
-0.530919
-0.531566
-0.532272
-0.533037
-0.533861
-0.534743
-0.535685
-0.536685
-0.537743
-0.538860
-0.540035
-0.541269
-0.542560
-0.543910
-0.545318
-0.546784
-0.548308
-0.549891
-0.551532
-0.553232
-0.554991
-0.556809
-0.558686
-0.560622
-0.562618
-0.564673
-0.566789
-0.568965
-0.571203
-0.573501
-0.575861
-0.578283
-0.580767
-0.583315
-0.585925
-0.588600
-0.591340
-0.594145
-0.597016
-0.599953
-0.602958
-0.606031
-0.609173
-0.612385
-0.615669
-0.619024
-0.622452
-0.625954
-0.629531
-0.633185
-0.636917
-0.640729
-0.644621
-0.648596
-0.652656
-0.656801
-0.661035
-0.665359
-0.669776
-0.674287
-0.678896
-0.683606
-0.688418
-0.693338
-0.698367
-0.703511
-0.708772
-0.714156
-0.719667
-0.725311
-0.731093
-0.737020
-0.743100
-0.749339
-0.755748
-0.762335
-0.769112
-0.776092
-0.783288
-0.790718
-0.798401
-0.806359
-0.814619
-0.823212
-0.832178
-0.841562
-0.851427
-0.861848
-0.872929
-0.884810
-0.897699
-0.911912
-0.927994
-0.947042
-0.972099
-1.000000
-0.962667
-0.940250
-0.922376
-0.907000
-0.893274
-0.880750
-0.869154
-0.858307
-0.848081
-0.838384
-0.829145
-0.820309
-0.811831
-0.803675
-0.795811
-0.788215
-0.780864
-0.773742
-0.766831
-0.760119
-0.753592
-0.747241
-0.741056
-0.735028
-0.729150
-0.723414
-0.717815
-0.712347
-0.707005
-0.701783
-0.696678
-0.691686
-0.686802
-0.682025
-0.677349
-0.672773
-0.668293
-0.663908
-0.659614
-0.655410
-0.651293
-0.647262
-0.643315
-0.639449
-0.635665
-0.631959
-0.628330
-0.624778
-0.621301
-0.617897
-0.614566
-0.611307
-0.608118
-0.604999
-0.601949
-0.598966
-0.596051
-0.593203
-0.590420
-0.587702
-0.585048
-0.582458
-0.579932
-0.577468
-0.575067
-0.572728
-0.570450
-0.568233
-0.566077
-0.563981
-0.561946
-0.559970
-0.558053
-0.556196
-0.554398
-0.552659
-0.550979
-0.549357
-0.547794
-0.546289
-0.544842
-0.543453
-0.542123
-0.540851
-0.539637
-0.538482
-0.537384
-0.536345
-0.535365
-0.534443
-0.533579
-0.532775
-0.532030
-0.531344
-0.530717
-0.530150
-0.529643
-0.529197
-0.528811
-0.528486
-0.528223
-0.528022
-0.527883
-0.527806
-0.527793
-0.527844
-0.527959
-0.528139
-0.528385
-0.528697
-0.529076
-0.529523
-0.530039
-0.530624
-0.531280
-0.532008
-0.532808
-0.533681
-0.534630
-0.535654
-0.536756
-0.537937
-0.539198
-0.540541
-0.541967
-0.543479
-0.545078
-0.546767
-0.548547
-0.550421
-0.552392
-0.554462
-0.556634
-0.558911
-0.561296
-0.563794
-0.566408
-0.569143
-0.572003
-0.574993
-0.578120
-0.581388
-0.584806
-0.588380
-0.592120
-0.596034
-0.600133
-0.604429
-0.608936
-0.613669
-0.618646
-0.623889
-0.629422
-0.635275
-0.641482
-0.648088
-0.655147
-0.662728
-0.670922
-0.679852
-0.689693
-0.700707
-0.713323
-0.728341
-0.747631
-0.779509
-0.759714
-0.735314
-0.717427
-0.702648
-0.689800
-0.678312
-0.667852
-0.658207
-0.649231
-0.640820
-0.632894
-0.625392
-0.618265
-0.611475
-0.604989
-0.598780
-0.592826
-0.587107
-0.581606
-0.576309
-0.571202
-0.566276
-0.561519
-0.556922
-0.552479
-0.548181
-0.544022
-0.539996
-0.536098
-0.532323
-0.528666
-0.525124
-0.521691
-0.518366
-0.515144
-0.512023
-0.509000
-0.506072
-0.503236
-0.500491
-0.497835
-0.495264
-0.492778
-0.490375
-0.488053
-0.485811
-0.483647
-0.481559
-0.479547
-0.477609
-0.475744
-0.473951
-0.472229
-0.470578
-0.468995
-0.467481
-0.466034
-0.464654
-0.463340
-0.462091
-0.460907
-0.459787
-0.458730
-0.457737
-0.456806
-0.455937
-0.455130
-0.454384
-0.453698
-0.453074
-0.452509
-0.452005
-0.451560
-0.451174
-0.450848
-0.450580
-0.450372
-0.450222
-0.450130
-0.450097
-0.450122
-0.450206
-0.450348
-0.450547
-0.450805
-0.451122
-0.451496
-0.451929
-0.452420
-0.452970
-0.453579
-0.454246
-0.454972
-0.455758
-0.456602
-0.457507
-0.458471
-0.459496
-0.460581
-0.461727
-0.462934
-0.464203
-0.465534
-0.466928
-0.468384
-0.469905
-0.471489
-0.473138
-0.474853
-0.476633
-0.478481
-0.480396
-0.482379
-0.484431
-0.486554
-0.488748
-0.491013
-0.493352
-0.495766
-0.498254
-0.500820
-0.503464
-0.506188
-0.508993
-0.511880
-0.514853
-0.517911
-0.521059
-0.524297
-0.527628
-0.531054
-0.534578
-0.538203
-0.541932
-0.545769
-0.549715
-0.553777
-0.557957
-0.562260
-0.566692
-0.571257
-0.575962
-0.580813
-0.585817
-0.590983
-0.596319
-0.601836
-0.607544
-0.613458
-0.619591
-0.625960
-0.632586
-0.639491
-0.646703
-0.654254
-0.662184
-0.670543
-0.679393
-0.688815
-0.698917
-0.709848
-0.721830
-0.735206
-0.750582
-0.769217
-0.794955
NaN
-0.838157
-0.837698
-0.837238
-0.836777
-0.836315
-0.835853
-0.835390
-0.834926
-0.834461
-0.833996
-0.833530
-0.833063
-0.832595
-0.832126
-0.831657
-0.831187
-0.830716
-0.830244
-0.829772
-0.829298
-0.828824
-0.828349
-0.827874
-0.827397
-0.826920
-0.826442
-0.825963
-0.825483
-0.825003
-0.824522
-0.824039
-0.823557
-0.823073
-0.822588
-0.822103
-0.821617
-0.821130
-0.820642
-0.820153
-0.819664
-0.819174
-0.818683
-0.818191
-0.817698
-0.817205
-0.816710
-0.816215
-0.815719
-0.815222
-0.814724
-0.814226
-0.813727
-0.813226
-0.812725
-0.812223
-0.811721
-0.811217
-0.810713
-0.810207
-0.809701
-0.809194
-0.808686
-0.808178
-0.807668
-0.807158
-0.806647
-0.806134
-0.805622
-0.805108
-0.804593
-0.804077
-0.803561
-0.803044
-0.802525
-0.802006
-0.801486
-0.800966
-0.800444
-0.799921
-0.799398
-0.798873
-0.798348
-0.797822
-0.797295
-0.796767
-0.796238
-0.795709
-0.795178
-0.794647
-0.794114
-0.793581
-0.793047
-0.792512
-0.791976
-0.791439
-0.790901
-0.790362
-0.789822
-0.789282
-0.788740
-0.788198
-0.787655
-0.787110
-0.786565
-0.786019
-0.785472
-0.784924
-0.784375
-0.783825
-0.783274
-0.782723
-0.782170
-0.781616
-0.781062
-0.780506
-0.779950
-0.779392
-0.778834
-0.778275
-0.777714
-0.777153
-0.776591
-0.776028
-0.775464
-0.774898
-0.774332
-0.773765
-0.773197
-0.772628
-0.772058
-0.771487
-0.770915
-0.770342
-0.769768
-0.769193
-0.768617
-0.768041
-0.767463
-0.766884
-0.766304
-0.765723
-0.765141
-0.764558
-0.763974
-0.763389
-0.762803
-0.762216
-0.761628
-0.761039
-0.760449
-0.759858
-0.759266
-0.758673
-0.758078
-0.757483
-0.756887
-0.756290
-0.755691
-0.755092
-0.754491
-0.753890
-0.753287
-0.752684
-0.752079
-0.751473
-0.750866
-0.750258
-0.749649
-0.749039
-0.748428
-0.747816
-0.747203
-0.746589
-0.745973
-0.745357
-0.744739
-0.744120
-0.743501
-0.742880
-0.742258
-0.741635
-0.741010
-0.740385
-0.739759
-0.739131
-0.738502
-0.737873
-0.737242
-0.736610
-0.735976
-0.735342
-0.734707
-0.734070
-0.733432
-0.732793
-0.732153
-0.731512
-0.730870
-0.730226
-0.729582
-0.728936
-0.728289
-0.727641
-0.726991
-0.726341
-0.725689
-0.725036
-0.724382
-0.723727
-0.723071
-0.722413
-0.721754
-0.721094
-0.720433
-0.719770
-0.719107
-0.718442
-0.717776
-0.717109
-0.716440
-0.715770
-0.715099
-0.714427
-0.713753
-0.713079
-0.712403
-0.711726
-0.711047
-0.710367
-0.709686
-0.709004
-0.708321
-0.707636
-0.706950
-0.706262
-0.705574
-0.704884
-0.704193
-0.703500
-0.702806
-0.702111
-0.701415
-0.700717
-0.700018
-0.699318
-0.698616
-0.697913
-0.697209
-0.696503
-0.695796
-0.695088
-0.694378
-0.693667
-0.692955
-0.692241
-0.691526
-0.690809
-0.690091
-0.689372
-0.688652
-0.687930
-0.687206
-0.686481
-0.685755
-0.685028
-0.684299
-0.683568
-0.682836
-0.682103
-0.681369
-0.680633
-0.679895
-0.679156
-0.678416
-0.677674
-0.676931
-0.676186
-0.675440
-0.674692
-0.673943
-0.673192
-0.672440
-0.671686
-0.670931
-0.670175
-0.669417
-0.668657
-0.667896
-0.667133
-0.666369
-0.665604
-0.664836
-0.664068
-0.663297
-0.662526
-0.661752
-0.660977
-0.660201
-0.659423
-0.658643
-0.657862
-0.657079
-0.656294
-0.655508
-0.654721
-0.653932
-0.653141
-0.652348
-0.651554
-0.650758
-0.649961
-0.649162
-0.648361
-0.647559
-0.646755
-0.645949
-0.645142
-0.644333
-0.643522
-0.642710
-0.641896
-0.641080
-0.640262
-0.639443
-0.638622
-0.637799
-0.636975
-0.636149
-0.635321
-0.634491
-0.633659
-0.632826
-0.631991
-0.631154
-0.630316
-0.629475
-0.628633
-0.627789
-0.626943
-0.626095
-0.625245
-0.624394
-0.623541
-0.622685
-0.621828
-0.620970
-0.620109
-0.619246
-0.618381
-0.617515
-0.616646
-0.615776
-0.614904
-0.614030
-0.613153
-0.612275
-0.611395
-0.610513
-0.609629
-0.608743
-0.607855
-0.606965
-0.606072
-0.605178
-0.604282
-0.603384
-0.602484
-0.601581
-0.600677
-0.599770
-0.598862
-0.597951
-0.597038
-0.596123
-0.595206
-0.594287
-0.593365
-0.592442
-0.591516
-0.590588
-0.589658
-0.588726
-0.587791
-0.586854
-0.585915
-0.584974
-0.584031
-0.583085
-0.582137
-0.581186
-0.580234
-0.579279
-0.578322
-0.577362
-0.576400
-0.575436
-0.574469
-0.573500
-0.572528
-0.571554
-0.570578
-0.569599
-0.568618
-0.567635
-0.566648
-0.565660
-0.564669
-0.563675
-0.562679
-0.561680
-0.560679
-0.559675
-0.558669
-0.557660
-0.556648
-0.555634
-0.554617
-0.553598
-0.552576
-0.551551
-0.550523
-0.549493
-0.548460
-0.547425
-0.546386
-0.545345
-0.544301
-0.543254
-0.542204
-0.541152
-0.540097
-0.539039
-0.537977
-0.536914
-0.535847
-0.534777
-0.533704
-0.532628
-0.531550
-0.530468
-0.529383
-0.528295
-0.527204
-0.526110
-0.525013
-0.523913
-0.522810
-0.521703
-0.520593
-0.519481
-0.518364
-0.517245
-0.516122
-0.514997
-0.513867
-0.512735
-0.511599
-0.510460
-0.509317
-0.508171
-0.507021
-0.505868
-0.504712
-0.503552
-0.502388
-0.501221
-0.500050
-0.498876
-0.497698
-0.496516
-0.495331
-0.494142
-0.492949
-0.491752
-0.490552
-0.489348
-0.488140
-0.486928
-0.485712
-0.484492
-0.483268
-0.482040
-0.480809
-0.479573
-0.478333
-0.477089
-0.475840
-0.474588
-0.473331
-0.472070
-0.470805
-0.469535
-0.468261
-0.466983
-0.465700
-0.464413
-0.463121
-0.461825
-0.460524
-0.459218
-0.457908
-0.456593
-0.455273
-0.453949
-0.452620
-0.451285
-0.449946
-0.448602
-0.447253
-0.445899
-0.444540
-0.443175
-0.441806
-0.440431
-0.439051
-0.437666
-0.436275
-0.434878
-0.433477
-0.432069
-0.430656
-0.429238
-0.427814
-0.426383
-0.424948
-0.423506
-0.422058
-0.420604
-0.419144
-0.417678
-0.416206
-0.414728
-0.413243
-0.411752
-0.410254
-0.408750
-0.407239
-0.405722
-0.404197
-0.402666
-0.401128
-0.399583
-0.398031
-0.396472
-0.394905
-0.393331
-0.391750
-0.390161
-0.388565
-0.386960
-0.385349
-0.383729
-0.382101
-0.380465
-0.378821
-0.377168
-0.375507
-0.373838
-0.372160
-0.370473
-0.368777
-0.367072
-0.365358
-0.363635
-0.361903
-0.360160
-0.358409
-0.356647
-0.354876
-0.353094
-0.351302
-0.349499
-0.347686
-0.345863
-0.344028
-0.342182
-0.340325
-0.338457
-0.336577
-0.334685
-0.332781
-0.330864
-0.328935
-0.326994
-0.325039
-0.323072
-0.321091
-0.319096
-0.317087
-0.315065
-0.313028
-0.310976
-0.308909
-0.306826
-0.304728
-0.302614
-0.300484
-0.298337
-0.296173
-0.293992
-0.291793
-0.289575
-0.287339
-0.285084
-0.282810
-0.280515
-0.278200
-0.275864
-0.273507
-0.271127
-0.268725
-0.266299
-0.263850
-0.261376
-0.258876
-0.256351
-0.253799
-0.251219
-0.248610
-0.245972
-0.243304
-0.240604
-0.237872
-0.235106
-0.232306
-0.229469
-0.226595
-0.223682
-0.220729
-0.217734
-0.214695
-0.211610
-0.208477
-0.205295
-0.202060
-0.198771
-0.195424
-0.192016
-0.188545
-0.185006
-0.181395
-0.177709
-0.173943
-0.170090
-0.166145
-0.162102
-0.157953
-0.153688
-0.149300
-0.144775
-0.140101
-0.135262
-0.130241
-0.125014
-0.119556
-0.113832
-0.107801
-0.101407
-0.094578
-0.087211
-0.079155
-0.070175
-0.059855
-0.047327
-0.029937
