0.000000
0.054766
0.077422
0.094789
0.109413
0.122284
0.133907
0.144584
0.154511
0.163825
0.172624
0.180985
0.188964
0.196609
0.203957
0.211039
0.217882
0.224506
0.230931
0.237173
0.243246
0.249162
0.254933
0.260568
0.266075
0.271463
0.276738
0.281907
0.286975
0.291948
0.296830
0.301626
0.306340
0.310976
0.315537
0.320026
0.324446
0.328801
0.333092
0.337322
0.341493
0.345608
0.349669
0.353676
0.357633
0.361540
0.365400
0.369214
0.372983
0.376708
0.380391
0.384034
0.387636
0.391200
0.394727
0.398216
0.401670
0.405090
0.408475
0.411827
0.415148
0.418436
0.421694
0.424922
0.428120
0.431290
0.434432
0.437546
0.440634
0.443695
0.446730
0.449740
0.452725
0.455686
0.458623
0.461537
0.464428
0.467296
0.470143
0.472967
0.475771
0.478553
0.481315
0.484057
0.486779
0.489481
0.492164
0.494829
0.497474
0.500102
0.502711
0.505303
0.507877
0.510434
0.512974
0.515497
0.518004
0.520495
0.522970
0.525429
0.527872
0.530300
0.532713
0.535111
0.537495
0.539864
0.542219
0.544559
0.546886
0.549198
0.551498
0.553783
0.556056
0.558315
0.560562
0.562796
0.565017
0.567225
0.569421
0.571605
0.573777
0.575937
0.578086
0.580222
0.582347
0.584461
0.586563
0.588655
0.590735
0.592804
0.594863
0.596910
0.598948
0.600974
0.602991
0.604997
0.606992
0.608978
0.610954
0.612920
0.614876
0.616823
0.618760
0.620687
0.622605
0.624513
0.626413
0.628303
0.630184
0.632056
0.633920
0.635774
0.637620
0.639457
0.641285
0.643105
0.644916
0.646719
0.648513
0.650300
0.652078
0.653848
0.655610
0.657364
0.659110
0.660848
0.662578
0.664301
0.666016
0.667723
0.669423
0.671115
0.672800
0.674477
0.676148
0.677810
0.679466
0.681114
0.682755
0.684390
0.686017
0.687637
0.689250
0.690856
0.692456
0.694049
0.695635
0.697214
0.698787
0.700353
0.701912
0.703465
0.705012
0.706552
0.708086
0.709613
0.711134
0.712649
0.714158
0.715660
0.717156
0.718646
0.720130
0.721608
0.723081
0.724547
0.726007
0.727461
0.728910
0.730352
0.731789
0.733220
0.734646
0.736065
0.737479
0.738888
0.740291
0.741688
0.743080
0.744466
0.745847
0.747222
0.748592
0.749957
0.751316
0.752670
0.754019
0.755363
0.756701
0.758034
0.759362
0.760684
0.762002
0.763315
0.764622
0.765924
0.767222
0.768514
0.769802
0.771084
0.772362
0.773635
0.774902
0.776166
0.777424
0.778677
0.779926
0.781170
0.782409
0.783643
0.784873
0.786098
0.787319
0.788535
0.789746
0.790953
0.792155
0.793352
0.794545
0.795734
0.796918
0.798098
0.799273
0.800444
0.801611
0.802773
0.803930
0.805084
0.806233
0.807378
0.808518
0.809655
0.810787
0.811914
0.813038
0.814157
0.815273
0.816384
0.817491
0.818593
0.819692
0.820787
0.821877
0.822964
0.824046
0.825125
0.826199
0.827269
0.828336
0.829398
0.830457
0.831512
0.832562
0.833609
0.834652
0.835691
0.836726
0.837757
0.838785
0.839808
0.840828
0.841844
0.842857
0.843865
0.844870
0.845871
0.846868
0.847862
0.848852
0.849838
0.850821
0.851800
0.852775
0.853747
0.854715
0.855679
0.856640
0.857597
0.858551
0.859501
0.860448
0.861391
0.862330
0.863266
0.864199
0.865128
0.866053
0.866975
0.867894
0.868809
0.869721
0.870629
0.871534
0.872435
0.873333
0.874228
0.875120
0.876008
0.876892
0.877773
0.878651
0.879526
0.880397
0.881265
0.882130
0.882992
0.883850
0.884705
0.885556
0.886405
0.887250
0.888092
0.888931
0.889766
0.890599
0.891428
0.892254
0.893077
0.893896
0.894713
0.895526
0.896336
0.897144
0.897948
0.898748
0.899546
0.900341
0.901132
0.901921
0.902706
0.903489
0.904268
0.905044
0.905818
0.906588
0.907355
0.908119
0.908880
0.909638
0.910394
0.911146
0.911895
0.912641
0.913385
0.914125
0.914862
0.915597
0.916328
0.917057
0.917782
0.918505
0.919225
0.919942
0.920656
0.921367
0.922075
0.922781
0.923483
0.924183
NaN
0.923981
0.875543
0.855898
0.841003
0.828572
0.817718
0.807987
0.799108
0.790905
0.783255
0.776070
0.769282
0.762838
0.756697
0.750825
0.745194
0.739781
0.734565
0.729531
0.724663
0.719950
0.715379
0.710940
0.706626
0.702429
0.698340
0.694355
0.690467
0.686671
0.682963
0.679338
0.675792
0.672322
0.668923
0.665594
0.662331
0.659131
0.655992
0.652912
0.649888
0.646919
0.644002
0.641136
0.638318
0.635548
0.632824
0.630144
0.627507
0.624912
0.622357
0.619842
0.617365
0.614925
0.612522
0.610153
0.607819
0.605519
0.603251
0.601015
0.598811
0.596636
0.594492
0.592376
0.590289
0.588230
0.586198
0.584192
0.582212
0.580259
0.578330
0.576425
0.574545
0.572688
0.570854
0.569044
0.567255
0.565488
0.563743
0.562019
0.560316
0.558634
0.556971
0.555328
0.553705
0.552101
0.550515
0.548948
0.547400
0.545869
0.544357
0.542861
0.541383
0.539922
0.538477
0.537049
0.535638
0.534242
0.532862
0.531498
0.530149
0.528815
0.527497
0.526193
0.524904
0.523629
0.522368
0.521122
0.519890
0.518671
0.517466
0.516274
0.515096
0.513931
0.512779
0.511639
0.510513
0.509399
0.508297
0.507208
0.506130
0.505065
0.504012
0.502971
0.501941
0.500923
0.499917
0.498921
0.497937
0.496964
0.496002
0.495051
0.494111
0.493182
0.492263
0.491355
0.490457
0.489569
0.488692
0.487825
0.486968
0.486120
0.485283
0.484456
0.483638
0.482830
0.482032
0.481243
0.480463
0.479693
0.478932
0.478181
0.477438
0.476705
0.475980
0.475265
0.474558
0.473860
0.473171
0.472490
0.471818
0.471155
0.470500
0.469854
0.469216
0.468586
0.467965
0.467351
0.466746
0.466149
0.465560
0.464979
0.464406
0.463841
0.463283
0.462734
0.462192
0.461658
0.461131
0.460612
0.460101
0.459597
0.459101
0.458612
0.458130
0.457656
0.457189
0.456729
0.456276
0.455831
0.455393
0.454962
0.454537
0.454120
0.453710
0.453307
0.452911
0.452521
0.452139
0.451763
0.451394
0.451031
0.450676
0.450327
0.449984
0.449649
0.449319
0.448997
0.448681
0.448371
0.448068
0.447771
0.447480
0.447196
0.446918
0.446647
0.446382
0.446123
0.445870
0.445623
0.445383
0.445148
0.444920
0.444698
0.444482
0.444272
0.444068
0.443870
0.443677
0.443491
0.443311
0.443136
0.442968
0.442805
0.442648
0.442497
0.442352
0.442212
0.442078
0.441950
0.441828
0.441711
0.441600
0.441494
0.441394
0.441300
0.441211
0.441128
0.441051
0.440978
0.440912
0.440851
0.440795
0.440745
0.440700
0.440660
0.440626
0.440597
0.440574
0.440556
0.440543
0.440536
0.440534
0.440537
0.440546
0.440559
0.440578
0.440602
0.440632
0.440666
0.440706
0.440751
0.440801
0.440856
0.440916
0.440981
0.441052
0.441127
0.441208
0.441293
0.441384
0.441480
0.441580
0.441686
0.441797
0.441912
0.442033
0.442158
0.442289
0.442424
0.442565
0.442710
0.442860
0.443015
0.443175
0.443340
0.443509
0.443684
0.443863
0.444047
0.444236
0.444430
0.444628
0.444832
0.445040
0.445252
0.445470
0.445692
0.445919
0.446151
0.446388
0.446629
0.446875
0.447125
0.447381
0.447641
0.447905
0.448175
0.448449
0.448727
0.449011
0.449299
0.449591
0.449888
0.450190
0.450496
0.450807
0.451123
0.451443
0.451768
0.452097
0.452431
0.452769
0.453112
0.453460
0.453812
0.454169
0.454530
0.454895
0.455266
0.455640
0.456019
0.456403
0.456791
0.457184
0.457581
0.457983
0.458389
0.458800
0.459215
0.459634
0.460058
0.460487
0.460920
0.461357
0.461799
0.462245
0.462696
0.463151
0.463611
0.464075
0.464543
0.465016
0.465493
0.465975
0.466461
0.466952
0.467447
0.467946
0.468450
0.468958
0.469470
0.469987
0.470508
0.471034
0.471564
0.472099
0.472637
0.473181
0.473728
0.474280
0.474836
0.475397
0.475962
0.476532
0.477105
0.477684
0.478266
0.478853
0.479444
0.480040
0.480640
0.481244
0.481853
0.482466
0.483083
0.483705
0.484331
0.484962
0.485597
NaN
NaN
0.491534
0.501950
0.512366
0.522782
0.533198
0.543614
0.554030
0.564447
0.574863
0.585279
0.595695
0.606111
0.616527
0.626943
0.637360
0.647776
0.658192
0.668608
0.679024
0.689440
0.699856
0.710272
0.720689
0.731105
0.741521
0.751937
0.762353
0.772769
0.783185
0.793602
0.804018
0.814434
0.824850
0.835266
0.845682
0.856098
0.866514
0.876931
0.887347
0.897763
0.908179
0.918595
0.929011
0.939427
0.949844
0.960260
0.970676
0.981092
0.991508
1.000000
0.995023
0.990046
0.985069
0.980091
0.975114
0.970137
0.965160
0.960183
0.955206
0.950228
0.945251
0.940274
0.935297
0.930320
0.925343
0.920365
0.915388
0.910411
0.905434
0.900457
0.895480
0.890502
0.885525
0.880548
0.875571
0.870594
0.865617
0.860639
0.855662
0.850685
0.845708
0.840731
0.835754
0.830776
0.825799
0.820822
0.815845
0.810868
0.805891
0.800913
0.795936
0.790959
0.785982
0.781005
0.776028
0.771050
0.766073
0.761096
0.756119
0.752386
0.752386
0.752386
0.752386
0.752386
0.752386
0.752386
0.752386
0.752386
0.752386
0.752386
0.752386
0.752386
0.752386
0.752386
0.752386
0.752386
0.752386
0.752386
0.752386
0.752386
0.752386
0.752386
0.752386
0.752386
0.752386
0.752386
0.752386
0.752386
0.752386
0.752386
0.752386
0.752386
0.752386
0.752386
0.752386
0.752386
0.752386
0.752386
0.752386
0.752386
0.752386
0.752386
0.752386
0.752386
0.752386
0.752386
0.752386
0.752386
0.752386
0.752386
0.752386
0.752386
0.752386
0.752386
0.752386
0.752386
0.752386
0.752386
0.752386
0.752386
0.752386
0.752386
0.752386
0.752386
0.752386
0.752386
0.752386
0.752386
0.752386
0.752386
0.752386
0.752386
0.752386
0.752386
0.752386
0.752386
0.752386
0.752386
0.752386
0.752386
0.752386
0.752386
0.752386
0.752386
0.752386
0.752386
0.752386
0.752386
0.752386
0.752386
0.752386
0.752386
0.752386
0.752386
0.752386
0.752386
0.752386
0.752386
0.752386
0.752386
0.752386
0.752386
0.752386
0.752386
0.752386
0.752386
0.752386
0.752386
0.752386
0.752386
0.752386
0.752386
0.752386
0.752386
0.752386
0.752386
0.752386
0.752386
0.752386
0.752386
0.752386
0.752386
0.752386
0.752386
0.752386
0.752386
0.752386
0.752386
0.752386
0.752386
0.752386
0.752386
0.752386
0.752386
0.752386
0.752386
0.752386
0.752386
0.752386
0.752386
0.752386
0.752386
0.752386
0.752386
0.752386
0.752386
0.752386
0.752386
0.752386
0.752386
0.752386
0.752386
0.752386
0.752386
0.752386
0.752386
0.752386
0.752386
0.752386
0.752386
0.752386
0.752386
0.752386
0.752386
0.752386
0.752386
0.752386
0.752386
0.752386
0.752386
0.752386
0.752386
0.752386
0.752386
0.752386
0.752386
0.752386
0.752386
0.752386
0.752386
0.752386
0.752386
0.752386
0.752386
0.752386
0.752386
0.752386
0.752386
0.752386
0.752386
0.752386
0.752386
0.752386
0.752386
0.752386
0.752386
0.752386
0.752386
0.752386
0.756119
0.761096
0.766073
0.771050
0.776028
0.781005
0.785982
0.790959
0.795936
0.800913
0.805891
0.810868
0.815845
0.820822
0.825799
0.830776
0.835754
0.840731
0.845708
0.850685
0.855662
0.860639
0.865617
0.870594
0.875571
0.880548
0.885525
0.890502
0.895480
0.900457
0.905434
0.910411
0.915388
0.920365
0.925343
0.930320
0.935297
0.940274
0.945251
0.950228
0.955206
0.960183
0.965160
0.970137
0.975114
0.980091
0.985069
0.990046
0.995023
1.000000
0.991508
0.981092
0.970676
0.960260
0.949844
0.939427
0.929011
0.918595
0.908179
0.897763
0.887347
0.876931
0.866514
0.856098
0.845682
0.835266
0.824850
0.814434
0.804018
0.793602
0.783185
0.772769
0.762353
0.751937
0.741521
0.731105
0.720689
0.710272
0.699856
0.689440
0.679024
0.668608
0.658192
0.647776
0.637360
0.626943
0.616527
0.606111
0.595695
0.585279
0.574863
0.564447
0.554030
0.543614
0.533198
0.522782
0.512366
0.501950
0.491534
NaN
NaN
0.485597
0.484962
0.484331
0.483705
0.483083
0.482466
0.481853
0.481244
0.480640
0.480040
0.479444
0.478853
0.478266
0.477684
0.477105
0.476532
0.475962
0.475397
0.474836
0.474280
0.473728
0.473181
0.472637
0.472099
0.471564
0.471034
0.470508
0.469987
0.469470
0.468958
0.468450
0.467946
0.467447
0.466952
0.466461
0.465975
0.465493
0.465016
0.464543
0.464075
0.463611
0.463151
0.462696
0.462245
0.461799
0.461357
0.460920
0.460487
0.460058
0.459634
0.459215
0.458800
0.458389
0.457983
0.457581
0.457184
0.456791
0.456403
0.456019
0.455640
0.455266
0.454895
0.454530
0.454169
0.453812
0.453460
0.453112
0.452769
0.452431
0.452097
0.451768
0.451443
0.451123
0.450807
0.450496
0.450190
0.449888
0.449591
0.449299
0.449011
0.448727
0.448449
0.448175
0.447905
0.447641
0.447381
0.447125
0.446875
0.446629
0.446388
0.446151
0.445919
0.445692
0.445470
0.445252
0.445040
0.444832
0.444628
0.444430
0.444236
0.444047
0.443863
0.443684
0.443509
0.443340
0.443175
0.443015
0.442860
0.442710
0.442565
0.442424
0.442289
0.442158
0.442033
0.441912
0.441797
0.441686
0.441580
0.441480
0.441384
0.441293
0.441208
0.441127
0.441052
0.440981
0.440916
0.440856
0.440801
0.440751
0.440706
0.440666
0.440632
0.440602
0.440578
0.440559
0.440546
0.440537
0.440534
0.440536
0.440543
0.440556
0.440574
0.440597
0.440626
0.440660
0.440700
0.440745
0.440795
0.440851
0.440912
0.440978
0.441051
0.441128
0.441211
0.441300
0.441394
0.441494
0.441600
0.441711
0.441828
0.441950
0.442078
0.442212
0.442352
0.442497
0.442648
0.442805
0.442968
0.443136
0.443311
0.443491
0.443677
0.443870
0.444068
0.444272
0.444482
0.444698
0.444920
0.445148
0.445383
0.445623
0.445870
0.446123
0.446382
0.446647
0.446918
0.447196
0.447480
0.447771
0.448068
0.448371
0.448681
0.448997
0.449319
0.449649
0.449984
0.450327
0.450676
0.451031
0.451394
0.451763
0.452139
0.452521
0.452911
0.453307
0.453710
0.454120
0.454537
0.454962
0.455393
0.455831
0.456276
0.456729
0.457189
0.457656
0.458130
0.458612
0.459101
0.459597
0.460101
0.460612
0.461131
0.461658
0.462192
0.462734
0.463283
0.463841
0.464406
0.464979
0.465560
0.466149
0.466746
0.467351
0.467965
0.468586
0.469216
0.469854
0.470500
0.471155
0.471818
0.472490
0.473171
0.473860
0.474558
0.475265
0.475980
0.476705
0.477438
0.478181
0.478932
0.479693
0.480463
0.481243
0.482032
0.482830
0.483638
0.484456
0.485283
0.486120
0.486968
0.487825
0.488692
0.489569
0.490457
0.491355
0.492263
0.493182
0.494111
0.495051
0.496002
0.496964
0.497937
0.498921
0.499917
0.500923
0.501941
0.502971
0.504012
0.505065
0.506130
0.507208
0.508297
0.509399
0.510513
0.511639
0.512779
0.513931
0.515096
0.516274
0.517466
0.518671
0.519890
0.521122
0.522368
0.523629
0.524904
0.526193
0.527497
0.528815
0.530149
0.531498
0.532862
0.534242
0.535638
0.537049
0.538477
0.539922
0.541383
0.542861
0.544357
0.545869
0.547400
0.548948
0.550515
0.552101
0.553705
0.555328
0.556971
0.558634
0.560316
0.562019
0.563743
0.565488
0.567255
0.569044
0.570854
0.572688
0.574545
0.576425
0.578330
0.580259
0.582212
0.584192
0.586198
0.588230
0.590289
0.592376
0.594492
0.596636
0.598811
0.601015
0.603251
0.605519
0.607819
0.610153
0.612522
0.614925
0.617365
0.619842
0.622357
0.624912
0.627507
0.630144
0.632824
0.635548
0.638318
0.641136
0.644002
0.646919
0.649888
0.652912
0.655992
0.659131
0.662331
0.665594
0.668923
0.672322
0.675792
0.679338
0.682963
0.686671
0.690467
0.694355
0.698340
0.702429
0.706626
0.710940
0.715379
0.719950
0.724663
0.729531
0.734565
0.739781
0.745194
0.750825
0.756697
0.762838
0.769282
0.776070
0.783255
0.790905
0.799108
0.807987
0.817718
0.828572
0.841003
0.855898
0.875543
0.923981
NaN
0.924183
0.923483
0.922781
0.922075
0.921367
0.920656
0.919942
0.919225
0.918505
0.917782
0.917057
0.916328
0.915597
0.914862
0.914125
0.913385
0.912641
0.911895
0.911146
0.910394
0.909638
0.908880
0.908119
0.907355
0.906588
0.905818
0.905044
0.904268
0.903489
0.902706
0.901921
0.901132
0.900341
0.899546
0.898748
0.897948
0.897144
0.896336
0.895526
0.894713
0.893896
0.893077
0.892254
0.891428
0.890599
0.889766
0.888931
0.888092
0.887250
0.886405
0.885556
0.884705
0.883850
0.882992
0.882130
0.881265
0.880397
0.879526
0.878651
0.877773
0.876892
0.876008
0.875120
0.874228
0.873333
0.872435
0.871534
0.870629
0.869721
0.868809
0.867894
0.866975
0.866053
0.865128
0.864199
0.863266
0.862330
0.861391
0.860448
0.859501
0.858551
0.857597
0.856640
0.855679
0.854715
0.853747
0.852775
0.851800
0.850821
0.849838
0.848852
0.847862
0.846868
0.845871
0.844870
0.843865
0.842857
0.841844
0.840828
0.839808
0.838785
0.837757
0.836726
0.835691
0.834652
0.833609
0.832562
0.831512
0.830457
0.829398
0.828336
0.827269
0.826199
0.825125
0.824046
0.822964
0.821877
0.820787
0.819692
0.818593
0.817491
0.816384
0.815273
0.814157
0.813038
0.811914
0.810787
0.809655
0.808518
0.807378
0.806233
0.805084
0.803930
0.802773
0.801611
0.800444
0.799273
0.798098
0.796918
0.795734
0.794545
0.793352
0.792155
0.790953
0.789746
0.788535
0.787319
0.786098
0.784873
0.783643
0.782409
0.781170
0.779926
0.778677
0.777424
0.776166
0.774902
0.773635
0.772362
0.771084
0.769802
0.768514
0.767222
0.765924
0.764622
0.763315
0.762002
0.760684
0.759362
0.758034
0.756701
0.755363
0.754019
0.752670
0.751316
0.749957
0.748592
0.747222
0.745847
0.744466
0.743080
0.741688
0.740291
0.738888
0.737479
0.736065
0.734646
0.733220
0.731789
0.730352
0.728910
0.727461
0.726007
0.724547
0.723081
0.721608
0.720130
0.718646
0.717156
0.715660
0.714158
0.712649
0.711134
0.709613
0.708086
0.706552
0.705012
0.703465
0.701912
0.700353
0.698787
0.697214
0.695635
0.694049
0.692456
0.690856
0.689250
0.687637
0.686017
0.684390
0.682755
0.681114
0.679466
0.677810
0.676148
0.674477
0.672800
0.671115
0.669423
0.667723
0.666016
0.664301
0.662578
0.660848
0.659110
0.657364
0.655610
0.653848
0.652078
0.650300
0.648513
0.646719
0.644916
0.643105
0.641285
0.639457
0.637620
0.635774
0.633920
0.632056
0.630184
0.628303
0.626413
0.624513
0.622605
0.620687
0.618760
0.616823
0.614876
0.612920
0.610954
0.608978
0.606992
0.604997
0.602991
0.600974
0.598948
0.596910
0.594863
0.592804
0.590735
0.588655
0.586563
0.584461
0.582347
0.580222
0.578086
0.575937
0.573777
0.571605
0.569421
0.567225
0.565017
0.562796
0.560562
0.558315
0.556056
0.553783
0.551498
0.549198
0.546886
0.544559
0.542219
0.539864
0.537495
0.535111
0.532713
0.530300
0.527872
0.525429
0.522970
0.520495
0.518004
0.515497
0.512974
0.510434
0.507877
0.505303
0.502711
0.500102
0.497474
0.494829
0.492164
0.489481
0.486779
0.484057
0.481315
0.478553
0.475771
0.472967
0.470143
0.467296
0.464428
0.461537
0.458623
0.455686
0.452725
0.449740
0.446730
0.443695
0.440634
0.437546
0.434432
0.431290
0.428120
0.424922
0.421694
0.418436
0.415148
0.411827
0.408475
0.405090
0.401670
0.398216
0.394727
0.391200
0.387636
0.384034
0.380391
0.376708
0.372983
0.369214
0.365400
0.361540
0.357633
0.353676
0.349669
0.345608
0.341493
0.337322
0.333092
0.328801
0.324446
0.320026
0.315537
0.310976
0.306340
0.301626
0.296830
0.291948
0.286975
0.281907
0.276738
0.271463
0.266075
0.260568
0.254933
0.249162
0.243246
0.237173
0.230931
0.224506
0.217882
0.211039
0.203957
0.196609
0.188964
0.180985
0.172624
0.163825
0.154511
0.144584
0.133907
0.122284
0.109413
0.094789
0.077422
0.054766
0.000000
