0.363293
0.363299
0.363316
0.363340
0.363368
0.363399
0.363430
0.363459
0.363483
0.363503
0.363515
0.363521
0.363520
0.363512
0.363498
0.363479
0.363457
0.363434
0.363412
0.363392
0.363376
0.363365
0.363360
0.363363
0.363371
0.363385
0.363404
0.363425
0.363447
0.363468
0.363485
0.363499
0.363506
0.363507
0.363501
0.363490
0.363473
0.363453
0.363431
0.363409
0.363390
0.363376
0.363366
0.363364
0.363367
0.363378
0.363394
0.363413
0.363435
0.363457
0.363477
0.363493
0.363503
0.363507
0.363505
0.363495
0.363480
0.363460
0.363438
0.363416
0.363396
0.363379
0.363368
0.363363
0.363365
0.363374
0.363388
0.363408
0.363430
0.363452
0.363473
0.363491
0.363503
0.363508
0.363507
0.363499
0.363484
0.363465
0.363442
0.363419
0.363398
0.363380
0.363367
0.363361
0.363362
0.363371
0.363385
0.363405
0.363427
0.363450
0.363472
0.363491
0.363504
0.363510
0.363509
0.363501
0.363487
0.363467
0.363444
0.363421
0.363398
0.363380
0.363366
0.363360
0.363360
0.363368
0.363383
0.363403
0.363426
0.363450
0.363472
0.363491
0.363505
0.363512
0.363511
0.363503
0.363488
0.363469
0.363445
0.363421
0.363398
0.363379
0.363365
0.363358
0.363358
0.363366
0.363381
0.363401
0.363425
0.363449
0.363473
0.363492
0.363507
0.363514
0.363513
0.363505
0.363490
0.363470
0.363446
0.363421
0.363397
0.363377
0.363363
0.363356
0.363356
0.363365
0.363380
0.363401
0.363425
0.363450
0.363474
0.363494
0.363509
0.363516
0.363515
0.363507
0.363491
0.363470
0.363446
0.363420
0.363396
0.363375
0.363361
0.363353
0.363354
0.363363
0.363379
0.363400
0.363425
0.363451
0.363476
0.363496
0.363511
0.363518
0.363517
0.363508
0.363492
0.363470
0.363445
0.363419
0.363394
0.363373
0.363358
0.363351
0.363352
0.363361
0.363378
0.363400
0.363426
0.363453
0.363478
0.363499
0.363514
0.363521
0.363520
0.363510
0.363493
0.363470
0.363444
0.363417
0.363391
0.363370
0.363355
0.363348
0.363349
0.363359
0.363377
0.363400
0.363427
0.363455
0.363481
0.363503
0.363517
0.363524
0.363522
0.363512
0.363494
0.363470
0.363442
0.363414
0.363388
0.363366
0.363351
0.363344
0.363347
0.363358
0.363376
0.363401
0.363429
0.363458
0.363485
0.363507
0.363522
0.363528
0.363525
0.363514
0.363494
0.363469
0.363440
0.363411
0.363384
0.363362
0.363347
0.363340
0.363343
0.363356
0.363376
0.363402
0.363431
0.363462
0.363489
0.363512
0.363526
0.363532
0.363529
0.363516
0.363495
0.363468
0.363437
0.363407
0.363379
0.363356
0.363341
0.363336
0.363340
0.363354
0.363376
0.363404
0.363435
0.363466
0.363495
0.363518
0.363532
0.363538
0.363533
0.363518
0.363495
0.363466
0.363434
0.363401
0.363372
0.363349
0.363335
0.363330
0.363336
0.363352
0.363376
0.363406
0.363439
0.363473
0.363502
0.363526
0.363540
0.363544
0.363537
0.363520
0.363494
0.363463
0.363428
0.363394
0.363363
0.363340
0.363326
0.363323
0.363331
0.363349
0.363377
0.363410
0.363446
0.363482
0.363513
0.363536
0.363550
0.363552
0.363543
0.363522
0.363493
0.363458
0.363420
0.363383
0.363351
0.363328
0.363314
0.363313
0.363325
0.363347
0.363379
0.363416
0.363456
0.363495
0.363528
0.363551
0.363564
0.363563
0.363550
0.363524
0.363490
0.363449
0.363407
0.363366
0.363332
0.363309
0.363297
0.363300
0.363316
0.363345
0.363384
0.363428
0.363474
0.363517
0.363552
0.363576
0.363585
0.363580
0.363559
0.363525
0.363482
0.363432
0.363382
0.363336
0.363299
0.363276
0.363269
0.363279
0.363305
0.363346
0.363398
0.363455
0.363511
0.363562
0.363600
0.363622
0.363625
0.363608
0.363572
0.363519
0.363455
0.363386
0.363320
0.363263
0.363222
0.363203
0.363209
0.363240
0.363295
0.363370
0.363457
0.363548
0.363632
0.363700
0.363743
0.363751
0.363722
0.363654
0.363550
0.363417
0.363270
0.363123
0.362996
0.362912
0.362894
0.362964
0.363146
0.363456
0.363910
0.364516
0.365279
0.366196
0.367260
0.368458
0.369771
0.371180
0.372661
0.374191
0.375748
0.377309
0.378857
0.380378
0.381860
0.383298
0.384690
0.386038
0.387345
0.388620
0.389869
0.391102
0.392327
0.393550
0.394777
0.396010
0.397252
0.398501
0.399755
0.401010
0.402261
0.403504
0.404735
0.405949
0.407144
0.408319
0.409473
0.410608
0.411727
0.412830
0.413923
0.415007
0.416084
0.417157
0.418227
0.419292
0.420353
0.421407
0.422451
0.423483
0.424499
0.425498
0.426477
0.427435
0.428370
0.429285
0.430178
0.431053
0.431912
0.432755
0.433586
0.434405
0.435215
0.436015
0.436804
0.437583
0.438349
0.439100
0.439834
0.440549
0.441242
0.441914
0.442561
0.443185
0.443785
0.444363
0.444919
0.445455
0.445973
0.446473
0.446957
0.447425
0.447878
0.448314
0.448734
0.449136
0.449520
0.449885
0.450232
0.450560
0.450871
0.451168
0.451453
0.451729
0.452002
0.452273
0.452548
0.452829
0.453117
0.453415
0.453720
0.454032
0.454346
0.454659
0.454964
0.455256
0.455528
0.455776
0.455993
0.456176
0.456323
0.456433
0.456506
0.456546
0.456555
0.456538
0.456499
0.456443
0.456375
0.456297
0.456211
0.456119
0.456019
0.455909
0.455786
0.455646
0.455485
0.455299
0.455083
0.454835
0.454554
0.454239
0.453890
0.453512
0.453106
0.452678
0.452231
0.451770
0.451299
0.450821
0.450337
0.449848
0.449351
0.448846
0.448328
0.447793
0.447237
0.446656
0.446046
0.445405
0.444733
0.444028
0.443294
0.442533
0.441749
0.440948
0.440133
0.439310
0.438483
0.437653
0.436823
0.435992
0.435158
0.434318
0.433468
0.432603
0.431717
0.430806
0.429866
0.428895
0.427889
0.426850
0.425778
0.424676
0.423548
0.422399
0.421231
0.420049
0.418857
0.417656
0.416448
0.415232
0.414006
0.412769
0.411517
0.410248
0.408959
0.407648
0.406314
0.404960
0.403587
0.402198
0.400800
0.399396
0.397992
0.396593
0.395203
0.393824
0.392456
0.391096
0.389740
0.388382
0.387015
0.385631
0.384224
0.382786
0.381316
0.379813
0.378281
0.376729
0.375170
0.373621
0.372101
0.370635
0.369245
0.367956
0.366788
0.365761
0.364887
0.364175
0.363626
0.363234
0.362990
0.362875
0.362869
0.362946
0.363080
0.363245
0.363416
0.363574
0.363700
0.363784
0.363821
0.363809
0.363753
0.363664
0.363552
0.363432
0.363316
0.363218
0.363147
0.363111
0.363111
0.363146
0.363213
0.363303
0.363406
0.363510
0.363605
0.363680
0.363729
0.363746
0.363729
0.363681
0.363607
0.363516
0.363416
0.363318
0.363233
0.363170
0.363134
0.363130
0.363158
0.363215
0.363296
0.363391
0.363491
0.363586
0.363666
0.363722
0.363748
0.363742
0.363704
0.363638
0.363550
0.363450
0.363347
0.363252
0.363176
0.363125
0.363107
0.363122
0.363169
0.363245
0.363342
0.363449
0.363556
0.363653
0.363728
0.363773
0.363785
0.363760
0.363701
0.363614
0.363507
0.363390
0.363277
0.363178
0.363103
0.363062
0.363059
0.363095
0.363167
0.363269
0.363389
0.363518
0.363640
0.363743
0.363817
0.363853
0.363846
0.363795
0.363706
0.363586
0.363447
0.363303
0.363169
0.363059
0.362986
0.362958
0.362979
0.363050
0.363163
0.363310
0.363475
0.363642
0.363793
0.363911
0.363983
0.363999
0.363955
0.363852
0.363700
0.363511
0.363305
0.363103
0.362926
0.362796
0.362730
0.362739
0.362826
0.362989
0.363214
0.363480
0.363763
0.364030
0.364250
0.364393
0.364434
0.364357
0.364156
0.363839
0.363428
0.362959
0.362483
0.362061
0.361762
0.361662
0.361835
0.362352
0.363277
0.364660
0.366536
0.368924
0.371823
0.375214
0.379061
0.383313
0.387908
0.392777
0.397847
0.403047
0.408310
0.413579
0.418808
0.423963
0.429025
0.433985
0.438849
0.443631
0.448352
0.453038
0.457715
0.462406
0.467133
0.471909
0.476742
0.481633
0.486575
0.491558
0.496566
0.501582
0.506590
0.511574
0.516524
0.521433
0.526299
0.531125
0.535920
0.540693
0.545459
0.550231
0.555022
0.559841
0.564696
0.569589
0.574518
0.579476
0.584455
0.589441
0.594423
0.599389
0.604328
0.609232
0.614100
0.618930
0.623730
0.628506
0.633271
0.638038
0.642819
0.647626
0.652467
0.657348
0.662270
0.667228
0.672215
0.677219
0.682227
0.687224
0.692198
0.697136
0.702032
0.706881
0.711685
0.716451
0.721191
0.725918
0.730648
0.735399
0.740184
0.745015
0.749900
0.754840
0.759830
0.764861
0.769917
0.774982
0.780034
0.785055
0.790028
0.794940
0.799785
0.804563
0.809282
0.813955
0.818603
0.823249
0.827918
0.832635
0.837418
0.842284
0.847237
0.852276
0.857390
0.862556
0.867748
0.872934
0.878079
0.883152
0.888125
0.892980
0.897709
0.902319
0.906828
0.911267
0.915678
0.920112
0.924621
0.929256
0.934060
0.939065
0.944283
0.949706
0.955302
0.961013
0.966757
0.972430
0.977910
0.983064
0.987754
0.991844
0.995209
0.997741
0.999356
1.000000
0.999651
0.998322
0.996056
0.992929
0.989043
0.984518
0.979487
0.974089
0.968459
0.962724
0.956992
0.951353
0.945873
0.940590
0.935521
0.930659
0.925977
0.921436
0.916985
0.912573
0.908148
0.903666
0.899091
0.894400
0.889584
0.884647
0.879603
0.874477
0.869300
0.864106
0.858927
0.853794
0.848729
0.843747
0.838852
0.834043
0.829306
0.824623
0.819972
0.815327
0.810664
0.805963
0.801206
0.796385
0.791496
0.786544
0.781539
0.776497
0.771436
0.766376
0.761335
0.756330
0.751372
0.746466
0.741615
0.736812
0.732047
0.727308
0.722579
0.717843
0.713086
0.708295
0.703464
0.698587
0.693667
0.688710
0.683725
0.678724
0.673722
0.668732
0.663765
0.658831
0.653933
0.649074
0.644250
0.639454
0.634675
0.629902
0.625124
0.620327
0.615505
0.610650
0.605761
0.600839
0.595891
0.590924
0.585950
0.580980
0.576025
0.571094
0.566193
0.561326
0.556491
0.551683
0.546893
0.542110
0.537323
0.532519
0.527688
0.522823
0.517921
0.512983
0.508014
0.503026
0.498030
0.493041
0.488076
0.483147
0.478263
0.473431
0.468649
0.463910
0.459199
0.454500
0.449788
0.445041
0.440236
0.435353
0.430382
0.425319
0.420172
0.414962
0.409720
0.404491
0.399328
0.394292
0.389447
0.384857
0.380583
0.376675
0.373174
0.370104
0.367474
0.365273
0.363476
0.362039
0.360908
0.360017
0.359295
0.358669
0.358072
0.357441
0.356725
0.355886
0.354901
0.353763
0.352477
0.351062
0.349546
0.347963
0.346353
0.344751
0.343192
0.341701
0.340296
0.338986
0.337769
0.336634
0.335562
0.334530
0.333511
0.332478
0.331409
0.330282
0.329086
0.327816
0.326474
0.325070
0.323620
0.322144
0.320664
0.319203
0.317779
0.316407
0.315098
0.313854
0.312671
0.311538
0.310441
0.309360
0.308276
0.307167
0.306018
0.304815
0.303552
0.302228
0.300849
0.299426
0.297977
0.296521
0.295077
0.293666
0.292304
0.291001
0.289763
0.288586
0.287463
0.286378
0.285310
0.284236
0.283133
0.281979
0.280756
0.279453
0.278068
0.276607
0.275088
0.273536
0.271987
0.270480
0.269061
0.267776
0.266670
0.265781
0.265142
0.264776
0.264696
0.264901
0.265381
0.266114
0.267072
0.268216
0.269507
0.270901
0.272358
0.273839
0.275313
0.276756
0.278149
0.279485
0.280763
0.281987
0.283170
0.284324
0.285467
0.286615
0.287781
0.288976
0.290207
0.291478
0.292785
0.294123
0.295484
0.296856
0.298229
0.299590
0.300931
0.302244
0.303526
0.304776
0.305996
0.307193
0.308375
0.309552
0.310732
0.311925
0.313139
0.314380
0.315649
0.316948
0.318273
0.319619
0.320977
0.322341
0.323699
0.325044
0.326369
0.327668
0.328939
0.330180
0.331395
0.332588
0.333766
0.334938
0.336112
0.337298
0.338502
0.339733
0.340995
0.342289
0.343617
0.344974
0.346355
0.347752
0.349155
0.350554
0.351936
0.353289
0.354599
0.355854
0.357044
0.358157
0.359184
0.360119
0.360954
0.361687
0.362314
0.362835
0.363253
0.363571
0.363794
0.363932
0.363993
0.363989
0.363931
0.363834
0.363711
0.363576
0.363440
0.363315
0.363212
0.363136
0.363092
0.363081
0.363104
0.363155
0.363230
0.363320
0.363417
0.363512
0.363597
0.363664
0.363708
0.363725
0.363716
0.363680
0.363622
0.363548
0.363465
0.363380
0.363302
0.363238
0.363194
0.363173
0.363177
0.363205
0.363256
0.363323
0.363400
0.363479
0.363554
0.363617
0.363662
0.363685
0.363684
0.363658
0.363611
0.363548
0.363473
0.363396
0.363322
0.363259
0.363214
0.363190
0.363190
0.363214
0.363260
0.363323
0.363397
0.363475
0.363549
0.363612
0.363658
0.363682
0.363683
0.363658
0.363612
0.363548
0.363472
0.363392
0.363316
0.363251
0.363204
0.363179
0.363180
0.363206
0.363255
0.363323
0.363403
0.363487
0.363567
0.363635
0.363685
0.363709
0.363707
0.363677
0.363622
0.363547
0.363458
0.363365
0.363277
0.363203
0.363150
0.363125
0.363132
0.363170
0.363238
0.363329
0.363436
0.363547
0.363652
0.363740
0.363799
0.363821
0.363802
0.363740
0.363637
0.363502
0.363345
0.363182
0.363032
0.362914
0.362849
0.362859
0.362963
0.363176
0.363511
0.363977
0.364577
0.365309
0.366169
0.367145
0.368226
0.369395
0.370636
0.371930
0.373263
0.374618
0.375981
0.377344
0.378697
0.380036
0.381359
0.382664
0.383954
0.385231
0.386498
0.387760
0.389018
0.390276
0.391536
0.392798
0.394062
0.395328
0.396593
0.397858
0.399120
0.400378
0.401631
0.402879
0.404121
0.405358
0.406591
0.407821
0.409048
0.410274
0.411499
0.412723
0.413947
0.415168
0.416387
0.417601
0.418809
0.420009
0.421201
0.422384
0.423556
0.424719
0.425873
0.427019
0.428159
0.429294
0.430427
0.431558
0.432688
0.433819
0.434950
0.436081
0.437209
0.438333
0.439452
0.440563
0.441664
0.442753
0.443829
0.444891
0.445940
0.446975
0.448000
0.449014
0.450022
0.451023
0.452022
0.453019
0.454016
0.455012
0.456008
0.457002
0.457993
0.458979
0.459956
0.460923
0.461878
0.462817
0.463741
0.464648
0.465539
0.466415
0.467278
0.468129
0.468972
0.469808
0.470640
0.471470
0.472299
0.473127
0.473953
0.474777
0.475596
0.476409
0.477211
0.478001
0.478776
0.479534
0.480275
0.480997
0.481701
0.482388
0.483061
0.483720
0.484370
0.485013
0.485651
0.486286
0.486919
0.487550
0.488179
0.488804
0.489424
0.490035
0.490636
0.491222
0.491793
0.492345
0.492877
0.493390
0.493883
0.494358
0.494817
0.495263
0.495698
0.496126
0.496547
0.496965
0.497381
0.497794
0.498205
0.498611
0.499010
0.499401
0.499780
0.500144
0.500490
0.500818
0.501124
0.501410
0.501676
0.501923
0.502153
0.502369
0.502574
0.502770
0.502961
0.503148
0.503332
0.503513
0.503692
0.503866
0.504033
0.504190
0.504335
0.504465
0.504577
0.504669
0.504740
0.504790
0.504818
0.504828
0.504820
0.504799
0.504765
0.504724
0.504676
0.504625
0.504571
0.504515
0.504456
0.504392
0.504322
0.504242
0.504150
0.504042
0.503916
0.503770
0.503603
0.503414
0.503205
0.502976
0.502730
0.502470
0.502199
0.501920
0.501635
0.501347
0.501057
0.500765
0.500470
0.500172
0.499868
0.499554
0.499229
0.498888
0.498530
0.498151
0.497752
0.497332
0.496890
0.496430
0.495953
0.495462
0.494961
0.494452
0.493939
0.493423
0.492906
0.492388
0.491869
0.491347
0.490820
0.490285
0.489738
0.489177
0.488600
0.488003
0.487385
0.486746
0.486088
0.485410
0.484717
0.484011
0.483295
0.482572
0.481846
0.481119
0.480392
0.479666
0.478940
0.478213
0.477483
0.476745
0.475998
0.475238
0.474461
0.473666
0.472851
0.472016
0.471162
0.470289
0.469401
0.468501
0.467593
0.466679
0.465763
0.464848
0.463935
0.463026
0.462118
0.461212
0.460304
0.459392
0.458471
0.457539
0.456591
0.455627
0.454643
0.453639
0.452617
0.451577
0.450522
0.449456
0.448383
0.447306
0.446229
0.445155
0.444087
0.443024
0.441966
0.440913
0.439861
0.438807
0.437747
0.436678
0.435595
0.434495
0.433376
0.432238
0.431081
0.429906
0.428717
0.427517
0.426310
0.425102
0.423897
0.422697
0.421507
0.420327
0.419156
0.417995
0.416839
0.415685
0.414528
0.413364
0.412187
0.410994
0.409780
0.408546
0.407290
0.406015
0.404723
0.403420
0.402111
0.400801
0.399498
0.398206
0.396930
0.395672
0.394433
0.393213
0.392007
0.390811
0.389617
0.388418
0.387207
0.385974
0.384714
0.383422
0.382096
0.380736
0.379346
0.377934
0.376509
0.375084
0.373675
0.372299
0.370974
0.369716
0.368542
0.367467
0.366502
0.365657
0.364935
0.364339
0.363865
0.363507
0.363256
0.363099
0.363023
0.363011
0.363050
0.363122
0.363214
0.363314
0.363410
0.363495
0.363561
0.363607
0.363631
0.363634
0.363617
0.363586
0.363545
0.363498
0.363450
0.363405
0.363367
0.363339
0.363322
0.363316
0.363321
0.363335
0.363357
0.363384
0.363414
0.363444
0.363470
0.363492
0.363508
0.363517
0.363518
0.363512
0.363500
0.363483
0.363463
0.363441
0.363420
0.363401
0.363386
0.363376
0.363371
0.363371
0.363377
0.363388
0.363402
0.363419
0.363437
0.363454
0.363469
0.363481
0.363488
0.363491
0.363489
0.363483
0.363472
0.363459
0.363443
0.363427
0.363412
0.363400
0.363390
0.363385
0.363384
0.363387
0.363395
0.363406
0.363420
0.363435
0.363450
0.363464
0.363474
0.363482
0.363485
0.363483
0.363478
0.363468
0.363456
0.363441
0.363427
0.363413
0.363401
0.363392
0.363387
0.363387
0.363391
0.363399
0.363410
0.363424
0.363439
0.363453
0.363466
0.363476
0.363482
0.363484
0.363481
0.363474
0.363464
0.363450
0.363436
0.363421
0.363408
0.363397
0.363390
0.363387
0.363388
0.363394
0.363404
0.363417
0.363431
0.363446
0.363460
0.363472
0.363480
0.363484
0.363483
0.363478
0.363469
0.363456
0.363442
0.363427
0.363413
0.363401
0.363392
0.363387
0.363387
0.363391
0.363400
0.363412
0.363426
0.363441
0.363455
0.363468
0.363477
0.363483
0.363484
0.363480
0.363473
0.363461
0.363448
0.363433
0.363418
0.363405
0.363395
0.363389
0.363387
0.363389
0.363396
0.363407
0.363420
0.363435
0.363449
0.363463
0.363473
0.363480
0.363483
0.363482
0.363476
0.363466
0.363454
0.363439
0.363425
0.363411
0.363400
0.363392
0.363388
0.363389
0.363393
0.363402
0.363413
0.363427
0.363441
0.363454
0.363466
0.363475
0.363480
0.363482
0.363479
0.363472
0.363462
0.363450
0.363437
0.363424
0.363411
0.363401
0.363393
0.363389
0.363389
0.363393
0.363400
0.363410
0.363422
0.363435
0.363448
0.363461
0.363472
0.363481
0.363487
0.363489
0.363488
0.363482
0.363473
0.363460
0.363444
0.363425
0.363405
0.363384
0.363363
0.363345
0.363332
0.363325
0.363329
0.363346
0.363380
0.363435
0.363514
0.363620
0.363757
0.363927
0.364132
0.364372
0.364648
0.364958
0.365298
0.365666
0.366057
0.366465
0.366885
0.367310
0.367734
0.368153
0.368560
0.368953
0.369330
0.369688
0.370028
0.370350
0.370658
0.370954
0.371241
0.371523
0.371803
0.372084
0.372367
0.372655
0.372947
0.373242
0.373538
0.373834
0.374124
0.374407
0.374679
0.374937
0.375177
0.375400
0.375604
0.375789
0.375956
0.376108
0.376246
0.376374
0.376495
0.376610
0.376723
0.376835
0.376946
0.377056
0.377165
0.377269
0.377368
0.377457
0.377533
0.377595
0.377640
0.377665
0.377670
0.377656
0.377622
0.377571
0.377505
0.377426
0.377339
0.377245
0.377147
0.377046
0.376945
0.376843
0.376740
0.376634
0.376523
0.376405
0.376276
0.376133
0.375975
0.375800
0.375606
0.375393
0.375161
0.374913
0.374651
0.374377
0.374095
0.373808
0.373519
0.373230
0.372944
0.372662
0.372383
0.372107
0.371831
0.371554
0.371272
0.370981
0.370679
0.370363
0.370031
0.369682
0.369315
0.368931
0.368532
0.368122
0.367704
0.367282
0.366863
0.366452
0.366053
0.365672
0.365313
0.364981
0.364677
0.364404
0.364164
0.363956
