0.000000
0.000000
0.000000
0.000000
0.000000
0.000000
0.000000
0.000000
0.000000
0.000000
0.000000
0.000000
0.000000
0.000000
0.000000
0.000000
0.000000
0.000000
0.000000
0.000000
0.000000
0.000000
0.000000
0.000000
0.000000
0.000000
0.000000
0.000000
0.000000
0.000000
0.000000
0.000000
0.000000
0.000000
0.000000
0.000000
0.000000
0.000000
0.000000
0.000000
0.000000
0.000000
0.000000
0.000000
0.000000
0.000000
0.000000
0.000000
0.000000
0.000000
0.000000
0.000000
0.000000
0.000000
0.000000
0.000000
0.000000
0.000000
0.000000
0.000000
0.000000
0.000000
0.000000
0.000000
0.000000
0.000000
0.000000
0.000000
0.000000
0.000000
0.000000
0.000000
0.000000
0.000000
0.000000
0.000000
0.000000
0.000000
0.000000
0.000000
0.000000
0.000000
0.000000
0.000000
0.000000
0.000000
0.000000
0.000000
0.000000
0.000000
0.000000
0.000000
0.000000
0.000000
0.000000
0.000000
0.000000
0.000000
0.000000
0.000000
0.000000
0.000000
0.000000
0.000000
0.000000
0.000000
0.000000
0.000000
0.000000
0.000000
0.000000
0.000000
0.000000
0.000000
0.000000
0.000000
0.000000
0.000000
0.000000
0.000000
0.000000
0.000000
0.000000
0.000000
0.000000
0.000000
0.000000
0.000000
0.000000
0.000000
0.000000
0.000000
0.000000
0.000000
0.000000
0.000000
0.000000
0.000000
0.000000
0.000000
0.000000
0.000000
0.000000
0.000000
0.000000
0.000000
0.000000
0.000000
0.000000
0.000000
0.000000
0.000000
0.000000
0.000000
0.000000
0.000000
0.000000
0.000000
0.000000
0.000000
0.000000
0.000000
0.000000
0.000000
0.000000
0.000000
0.000000
0.000000
0.000000
0.000000
0.000000
0.000000
0.000000
0.000000
0.000000
0.000000
0.000000
0.000000
0.000000
0.000000
0.000000
0.000000
0.000000
0.000000
0.000000
0.000000
0.000000
0.000000
0.000000
0.000000
0.000000
0.000000
0.000000
0.000000
0.000000
0.000000
0.000000
0.000000
0.000000
0.000000
0.000000
0.000000
0.000000
0.000000
0.000000
0.000000
0.000000
0.000000
0.000000
0.000000
0.000000
0.000000
0.000000
0.000000
0.000000
0.000000
0.000000
0.000000
0.000000
0.000000
0.000000
0.000000
0.000000
0.000000
0.000000
0.000000
0.000000
0.000000
0.000000
0.000000
0.000000
0.000000
0.000000
0.000000
0.000000
0.000000
0.000000
0.000000
0.000000
0.000000
0.000000
0.000000
0.000000
0.000000
0.000000
0.000000
0.000000
0.000000
0.000000
0.000000
0.000000
0.000000
0.000000
0.000000
0.000000
0.000000
0.000000
0.000000
0.000000
0.000000
0.000000
0.000000
0.000000
0.000000
0.000000
0.000000
0.000000
0.000000
0.000000
0.000000
0.000000
0.000000
0.000000
0.000000
0.000000
0.000000
0.000000
0.000000
0.000000
0.000000
0.000000
0.000000
0.000000
0.000000
0.000000
0.000000
0.000000
0.000000
0.000000
0.000000
0.000000
0.000000
0.000000
0.000000
0.000000
0.000000
0.000000
0.000000
0.000000
0.000000
0.000000
0.000000
0.000000
0.000000
0.000000
0.000000
0.000000
0.000000
0.000000
0.000000
0.000000
0.000000
0.000000
0.000000
0.000000
0.000000
0.000000
0.000000
0.000000
0.000000
0.000000
0.000000
0.000000
0.000000
0.000000
0.000000
0.000000
0.000000
0.000000
0.000000
0.000000
0.000000
0.000000
0.000000
0.000000
0.000000
0.000000
0.000000
0.000000
0.000000
0.000000
0.000000
0.000000
0.000000
0.000000
0.000000
0.000000
0.000000
0.000000
0.000000
0.000000
0.000000
0.000000
0.000000
0.000000
0.000000
0.000000
0.000000
0.000000
0.000000
0.000000
0.000000
0.000000
0.000000
0.000000
0.000000
0.000000
0.000000
0.000000
0.000000
0.000000
0.000000
0.000000
0.000000
0.000000
0.000000
0.000000
0.000000
0.000000
0.000000
0.000000
0.000000
0.000000
0.000000
0.000000
0.000000
0.000000
0.000000
0.000000
0.000000
0.000000
0.000000
0.000000
0.000000
0.000000
0.000000
0.000000
0.000000
0.000000
0.000000
0.000000
0.000000
0.000000
0.000000
0.000000
0.000000
0.000000
0.000000
0.000000
0.000000
0.000000
0.000000
0.000000
0.000000
0.000000
0.000000
0.000000
0.000000
0.000000
0.000000
0.000000
0.000000
0.000000
0.000000
0.000000
0.000000
0.000000
0.000000
0.000000
0.000000
0.000000
0.000000
0.000000
0.000000
0.000000
0.000000
0.000000
0.000000
0.000000
0.000000
0.000000
0.000000
0.000000
0.000000
0.000000
0.000000
0.000000
0.000000
0.000000
0.000000
0.000000
0.000000
0.000000
0.000000
0.000000
0.000000
0.000000
0.000000
0.000000
0.000000
0.000000
0.000000
0.000001
0.000001
0.000001
0.000001
0.000001
0.000001
0.000001
0.000001
0.000001
0.000001
0.000001
0.000001
0.000001
0.000001
0.000001
0.000001
0.000001
0.000001
0.000001
0.000001
0.000002
0.000002
0.000002
0.000002
0.000002
0.000002
0.000002
0.000002
0.000002
0.000002
0.000003
0.000003
0.000003
0.000003
0.000003
0.000003
0.000003
0.000004
0.000004
0.000004
0.000004
0.000004
0.000005
0.000005
0.000005
0.000005
0.000006
0.000006
0.000006
0.000006
0.000007
0.000007
0.000008
0.000008
0.000008
0.000009
0.000009
0.000010
0.000010
0.000011
0.000011
0.000012
0.000012
0.000013
0.000013
0.000014
0.000015
0.000015
0.000016
0.000017
0.000018
0.000019
0.000019
0.000020
0.000021
0.000022
0.000023
0.000025
0.000026
0.000027
0.000028
0.000029
0.000031
0.000032
0.000034
0.000035
0.000037
0.000039
0.000040
0.000042
0.000044
0.000046
0.000048
0.000051
0.000053
0.000055
0.000058
0.000060
0.000063
0.000066
0.000069
0.000072
0.000075
0.000079
0.000082
0.000086
0.000089
0.000093
0.000098
0.000102
0.000106
0.000111
0.000116
0.000121
0.000126
0.000131
0.000137
0.000143
0.000149
0.000156
0.000162
0.000169
0.000176
0.000184
0.000192
0.000200
0.000208
0.000217
0.000226
0.000235
0.000245
0.000255
0.000266
0.000277
0.000288
0.000300
0.000313
0.000325
0.000339
0.000352
0.000367
0.000382
0.000397
0.000413
0.000430
0.000447
0.000465
0.000483
0.000503
0.000523
0.000543
0.000565
0.000587
0.000610
0.000634
0.000659
0.000684
0.000711
0.000739
0.000767
0.000797
0.000827
0.000859
0.000892
0.000926
0.000961
0.000998
0.001035
0.001074
0.001115
0.001157
0.001200
0.001245
0.001291
0.001339
0.001388
0.001440
0.001493
0.001547
0.001604
0.001663
0.001723
0.001786
0.001850
0.001917
0.001986
0.002057
0.002131
0.002207
0.002285
0.002366
0.002450
0.002536
0.002625
0.002717
0.002812
0.002910
0.003011
0.003115
0.003223
0.003334
0.003448
0.003566
0.003688
0.003813
0.003942
0.004076
0.004213
0.004354
0.004500
0.004650
0.004805
0.004964
0.005129
0.005298
0.005472
0.005651
0.005835
0.006025
0.006221
0.006422
0.006629
0.006842
0.007061
0.007287
0.007519
0.007757
0.008003
0.008255
0.008514
0.008781
0.009055
0.009336
0.009626
0.009923
0.010229
0.010543
0.010865
0.011197
0.011537
0.011886
0.012245
0.012613
0.012991
0.013379
0.013777
0.014186
0.014605
0.015035
0.015477
0.015929
0.016394
0.016870
0.017358
0.017858
0.018372
0.018898
0.019437
0.019989
0.020555
0.021135
0.021729
0.022338
0.022962
0.023600
0.024254
0.024923
0.025609
0.026310
0.027028
0.027763
0.028515
0.029285
0.030072
0.030877
0.031701
0.032543
0.033405
0.034286
0.035186
0.036107
0.037048
0.038009
0.038992
0.039996
0.041022
0.042070
0.043140
0.044233
0.045350
0.046490
0.047653
0.048841
0.050054
0.051292
0.052555
0.053843
0.055158
0.056499
0.057867
0.059262
0.060685
0.062136
0.063615
0.065122
0.066659
0.068225
0.069821
0.071447
0.073104
0.074792
0.076510
0.078261
0.080044
0.081859
0.083707
0.085588
0.087502
0.089450
0.091433
0.093450
0.095502
0.097590
0.099713
0.101872
0.104067
0.106299
0.108568
0.110874
0.113219
0.115601
0.118021
0.120480
0.122978
0.125515
0.128091
0.130708
0.133364
0.136061
0.138799
0.141577
0.144396
0.147257
0.150160
0.153105
0.156091
0.159120
0.162192
0.165306
0.168463
0.171663
0.174907
0.178194
0.181525
0.184899
0.188317
0.191780
0.195286
0.198836
0.202431
0.206071
0.209754
0.213482
0.217255
0.221072
0.224934
0.228840
0.232791
0.236786
0.240826
0.244910
0.249039
0.253211
0.257428
0.261689
0.265994
0.270343
0.274735
0.279170
0.283649
0.288171
0.292735
0.297343
0.301992
0.306683
0.311417
0.316191
0.321007
0.325863
0.330760
0.335696
0.340672
0.345688
0.350742
0.355834
0.360964
0.366132
0.371336
0.376577
0.381853
0.387164
0.392510
0.397890
0.403304
0.408750
0.414228
0.419738
0.425278
0.430848
0.436448
0.442076
0.447732
0.453415
0.459124
0.464858
0.470617
0.476399
0.482205
0.488032
0.493880
0.499748
0.505635
0.511541
0.517463
0.523402
0.529356
0.535324
0.541306
0.547299
0.553303
0.559317
0.565340
0.571371
0.577408
0.583450
0.589497
0.595547
0.601598
0.607650
0.613702
0.619752
0.625799
0.631842
0.637879
0.643909
0.649931
0.655944
0.661947
0.667937
0.673914
0.679877
0.685824
0.691753
0.697664
0.703555
0.709425
0.715272
0.721095
0.726893
0.732664
0.738406
0.744120
0.749802
0.755453
0.761069
0.766651
0.772197
0.777704
0.783173
0.788601
0.793987
0.799330
0.804628
0.809881
0.815086
0.820242
0.825349
0.830404
0.835406
0.840354
0.845248
0.850084
0.854863
0.859582
0.864241
0.868838
0.873373
0.877843
0.882247
0.886585
0.890855
0.895056
0.899187
0.903247
0.907234
0.911147
0.914986
0.918749
0.922435
0.926043
0.929572
0.933022
0.936390
0.939676
0.942880
0.946000
0.949035
0.951984
0.954847
0.957623
0.960311
0.962910
0.965419
0.967838
0.970166
0.972402
0.974546
0.976597
0.978554
0.980417
0.982185
0.983858
0.985435
0.986916
0.988300
0.989586
0.990776
0.991867
0.992861
0.993756
0.994552
0.995249
0.995847
0.996345
0.996744
0.997044
0.997243
0.997343
0.997343
0.997243
0.997044
0.996744
0.996345
0.995847
0.995249
0.994552
0.993756
0.992861
0.991867
0.990776
0.989586
0.988300
0.986916
0.985435
0.983858
0.982185
0.980417
0.978554
0.976597
0.974546
0.972402
0.970166
0.967838
0.965419
0.962910
0.960311
0.957623
0.954847
0.951984
0.949035
0.946000
0.942880
0.939676
0.936390
0.933022
0.929572
0.926043
0.922435
0.918749
0.914986
0.911147
0.907234
0.903247
0.899187
0.895056
0.890855
0.886585
0.882247
0.877843
0.873373
0.868838
0.864241
0.859582
0.854863
0.850084
0.845248
0.840354
0.835406
0.830404
0.825349
0.820242
0.815086
0.809881
0.804628
0.799330
0.793987
0.788601
0.783173
0.777704
0.772197
0.766651
0.761069
0.755453
0.749802
0.744120
0.738406
0.732664
0.726893
0.721095
0.715272
0.709425
0.703555
0.697664
0.691753
0.685824
0.679877
0.673914
0.667937
0.661947
0.655944
0.649931
0.643909
0.637879
0.631842
0.625799
0.619752
0.613702
0.607650
0.601598
0.595547
0.589497
0.583450
0.577408
0.571371
0.565340
0.559317
0.553303
0.547299
0.541306
0.535324
0.529356
0.523402
0.517463
0.511541
0.505635
0.499748
0.493880
0.488032
0.482205
0.476399
0.470617
0.464858
0.459124
0.453415
0.447732
0.442076
0.436448
0.430848
0.425278
0.419738
0.414228
0.408750
0.403304
0.397890
0.392510
0.387164
0.381853
0.376577
0.371336
0.366132
0.360964
0.355834
0.350742
0.345688
0.340672
0.335696
0.330760
0.325863
0.321007
0.316191
0.311417
0.306683
0.301992
0.297343
0.292735
0.288171
0.283649
0.279170
0.274735
0.270343
0.265994
0.261689
0.257428
0.253211
0.249039
0.244910
0.240826
0.236786
0.232791
0.228840
0.224934
0.221072
0.217255
0.213482
0.209754
0.206071
0.202431
0.198836
0.195286
0.191780
0.188317
0.184899
0.181525
0.178194
0.174907
0.171663
0.168463
0.165306
0.162192
0.159120
0.156091
0.153105
0.150160
0.147257
0.144396
0.141577
0.138799
0.136061
0.133364
0.130708
0.128091
0.125515
0.122978
0.120480
0.118021
0.115601
0.113219
0.110874
0.108568
0.106299
0.104067
0.101872
0.099713
0.097590
0.095502
0.093450
0.091433
0.089450
0.087502
0.085588
0.083707
0.081859
0.080044
0.078261
0.076510
0.074792
0.073104
0.071447
0.069821
0.068225
0.066659
0.065122
0.063615
0.062136
0.060685
0.059262
0.057867
0.056499
0.055158
0.053843
0.052555
0.051292
0.050054
0.048841
0.047653
0.046490
0.045350
0.044233
0.043140
0.042070
0.041022
0.039996
0.038992
0.038009
0.037048
0.036107
0.035186
0.034286
0.033405
0.032543
0.031701
0.030877
0.030072
0.029285
0.028515
0.027763
0.027028
0.026310
0.025609
0.024923
0.024254
0.023600
0.022962
0.022338
0.021729
0.021135
0.020555
0.019989
0.019437
0.018898
0.018372
0.017858
0.017358
0.016870
0.016394
0.015929
0.015477
0.015035
0.014605
0.014186
0.013777
0.013379
0.012991
0.012613
0.012245
0.011886
0.011537
0.011197
0.010865
0.010543
0.010229
0.009923
0.009626
0.009336
0.009055
0.008781
0.008514
0.008255
0.008003
0.007757
0.007519
0.007287
0.007061
0.006842
0.006629
0.006422
0.006221
0.006025
0.005835
0.005651
0.005472
0.005298
0.005129
0.004964
0.004805
0.004650
0.004500
0.004354
0.004213
0.004076
0.003942
0.003813
0.003688
0.003566
0.003448
0.003334
0.003223
0.003115
0.003011
0.002910
0.002812
0.002717
0.002625
0.002536
0.002450
0.002366
0.002285
0.002207
0.002131
0.002057
0.001986
0.001917
0.001850
0.001786
0.001723
0.001663
0.001604
0.001547
0.001493
0.001440
0.001388
0.001339
0.001291
0.001245
0.001200
0.001157
0.001115
0.001074
0.001035
0.000998
0.000961
0.000926
0.000892
0.000859
0.000827
0.000797
0.000767
0.000739
0.000711
0.000684
0.000659
0.000634
0.000610
0.000587
0.000565
0.000543
0.000523
0.000503
0.000483
0.000465
0.000447
0.000430
0.000413
0.000397
0.000382
0.000367
0.000352
0.000339
0.000325
0.000313
0.000300
0.000288
0.000277
0.000266
0.000255
0.000245
0.000235
0.000226
0.000217
0.000208
0.000200
0.000192
0.000184
0.000176
0.000169
0.000162
0.000156
0.000149
0.000143
0.000137
0.000131
0.000126
0.000121
0.000116
0.000111
0.000106
0.000102
0.000098
0.000093
0.000089
0.000086
0.000082
0.000079
0.000075
0.000072
0.000069
0.000066
0.000063
0.000060
0.000058
0.000055
0.000053
0.000051
0.000048
0.000046
0.000044
0.000042
0.000040
0.000039
0.000037
0.000035
0.000034
0.000032
0.000031
0.000029
0.000028
0.000027
0.000026
0.000025
0.000023
0.000022
0.000021
0.000020
0.000019
0.000019
0.000018
0.000017
0.000016
0.000015
0.000015
0.000014
0.000013
0.000013
0.000012
0.000012
0.000011
0.000011
0.000010
0.000010
0.000009
0.000009
0.000008
0.000008
0.000008
0.000007
0.000007
0.000006
0.000006
0.000006
0.000006
0.000005
0.000005
0.000005
0.000005
0.000004
0.000004
0.000004
0.000004
0.000004
0.000003
0.000003
0.000003
0.000003
0.000003
0.000003
0.000003
0.000002
0.000002
0.000002
0.000002
0.000002
0.000002
0.000002
0.000002
0.000002
0.000002
0.000001
0.000001
0.000001
0.000001
0.000001
0.000001
0.000001
0.000001
0.000001
0.000001
0.000001
0.000001
0.000001
0.000001
0.000001
0.000001
0.000001
0.000001
0.000001
0.000001
0.000000
0.000000
0.000000
0.000000
0.000000
0.000000
0.000000
0.000000
0.000000
0.000000
0.000000
0.000000
0.000000
0.000000
0.000000
0.000000
0.000000
0.000000
0.000000
0.000000
0.000000
0.000000
0.000000
0.000000
0.000000
0.000000
0.000000
0.000000
0.000000
0.000000
0.000000
0.000000
0.000000
0.000000
0.000000
0.000000
0.000000
0.000000
0.000000
0.000000
0.000000
0.000000
0.000000
0.000000
0.000000
0.000000
0.000000
0.000000
0.000000
0.000000
0.000000
0.000000
0.000000
0.000000
0.000000
0.000000
0.000000
0.000000
0.000000
0.000000
0.000000
0.000000
0.000000
0.000000
0.000000
0.000000
0.000000
0.000000
0.000000
0.000000
0.000000
0.000000
0.000000
0.000000
0.000000
0.000000
0.000000
0.000000
0.000000
0.000000
0.000000
0.000000
0.000000
0.000000
0.000000
0.000000
0.000000
0.000000
0.000000
0.000000
0.000000
0.000000
0.000000
0.000000
0.000000
0.000000
0.000000
0.000000
0.000000
0.000000
0.000000
0.000000
0.000000
0.000000
0.000000
0.000000
0.000000
0.000000
0.000000
0.000000
0.000000
0.000000
0.000000
0.000000
0.000000
0.000000
0.000000
0.000000
0.000000
0.000000
0.000000
0.000000
0.000000
0.000000
0.000000
0.000000
0.000000
0.000000
0.000000
0.000000
0.000000
0.000000
0.000000
0.000000
0.000000
0.000000
0.000000
0.000000
0.000000
0.000000
0.000000
0.000000
0.000000
0.000000
0.000000
0.000000
0.000000
0.000000
0.000000
0.000000
0.000000
0.000000
0.000000
0.000000
0.000000
0.000000
0.000000
0.000000
0.000000
0.000000
0.000000
0.000000
0.000000
0.000000
0.000000
0.000000
0.000000
0.000000
0.000000
0.000000
0.000000
0.000000
0.000000
0.000000
0.000000
0.000000
0.000000
0.000000
0.000000
0.000000
0.000000
0.000000
0.000000
0.000000
0.000000
0.000000
0.000000
0.000000
0.000000
0.000000
0.000000
0.000000
0.000000
0.000000
0.000000
0.000000
0.000000
0.000000
0.000000
0.000000
0.000000
0.000000
0.000000
0.000000
0.000000
0.000000
0.000000
0.000000
0.000000
0.000000
0.000000
0.000000
0.000000
0.000000
0.000000
0.000000
0.000000
0.000000
0.000000
0.000000
0.000000
0.000000
0.000000
0.000000
0.000000
0.000000
0.000000
0.000000
0.000000
0.000000
0.000000
0.000000
0.000000
0.000000
0.000000
0.000000
0.000000
0.000000
0.000000
0.000000
0.000000
0.000000
0.000000
0.000000
0.000000
0.000000
0.000000
0.000000
0.000000
0.000000
0.000000
0.000000
0.000000
0.000000
0.000000
0.000000
0.000000
0.000000
0.000000
0.000000
0.000000
0.000000
0.000000
0.000000
0.000000
0.000000
0.000000
0.000000
0.000000
0.000000
0.000000
0.000000
0.000000
0.000000
0.000000
0.000000
0.000000
0.000000
0.000000
0.000000
0.000000
0.000000
0.000000
0.000000
0.000000
0.000000
0.000000
0.000000
0.000000
0.000000
0.000000
0.000000
0.000000
0.000000
0.000000
0.000000
0.000000
0.000000
0.000000
0.000000
0.000000
0.000000
0.000000
0.000000
0.000000
0.000000
0.000000
0.000000
0.000000
0.000000
0.000000
0.000000
0.000000
0.000000
0.000000
0.000000
0.000000
0.000000
0.000000
0.000000
0.000000
0.000000
0.000000
0.000000
0.000000
0.000000
0.000000
0.000000
0.000000
0.000000
0.000000
0.000000
0.000000
0.000000
0.000000
0.000000
0.000000
0.000000
0.000000
0.000000
0.000000
0.000000
0.000000
0.000000
0.000000
0.000000
0.000000
0.000000
0.000000
0.000000
0.000000
0.000000
0.000000
0.000000
0.000000
0.000000
0.000000
0.000000
0.000000
0.000000
0.000000
0.000000
0.000000
0.000000
0.000000
0.000000
0.000000
0.000000
0.000000
0.000000
0.000000
0.000000
0.000000
0.000000
0.000000
0.000000
0.000000
0.000000
0.000000
0.000000
0.000000
0.000000
0.000000
0.000000
0.000000
0.000000
0.000000
0.000000
0.000000
0.000000
0.000000
0.000000
0.000000
0.000000
0.000000
0.000000
0.000000
0.000000
0.000000
0.000000
0.000000
0.000000
0.000000
0.000000
0.000000
0.000000
0.000000
0.000000
0.000000
0.000000
0.000000
0.000000
0.000000
0.000000
0.000000
0.000000
0.000000
0.000000
0.000000
0.000000
0.000000
0.000000
0.000000
0.000000
0.000000
0.000000
0.000000
0.000000
0.000000
0.000000
0.000000
0.000000
0.000000
0.000000
0.000000
0.000000
0.000000
0.000000
0.000000
0.000000
0.000000
0.000000
0.000000
0.000000
0.000000
0.000000
0.000000
0.000000
0.000000
0.000000
0.000000
0.000000
0.000000
0.000000
0.000000
0.000000
0.000000
0.000000
0.000000
0.000000
0.000000
0.000000
