-0.000000
-0.000996
-0.001958
-0.002852
-0.003648
-0.004315
-0.004831
-0.005176
-0.005338
-0.005311
-0.005095
-0.004698
-0.004133
-0.003421
-0.002586
-0.001657
-0.000668
0.000348
0.001352
0.002311
0.003190
0.003958
0.004586
0.005053
0.005342
0.005441
0.005348
0.005064
0.004601
0.003973
0.003202
0.002317
0.001347
0.000327
-0.000706
-0.001716
-0.002668
-0.003526
-0.004262
-0.004847
-0.005262
-0.005491
-0.005526
-0.005364
-0.005011
-0.004480
-0.003789
-0.002962
-0.002028
-0.001020
0.000026
0.001074
0.002086
0.003025
0.003860
0.004559
0.005098
0.005457
0.005623
0.005589
0.005358
0.004935
0.004337
0.003583
0.002701
0.001720
0.000677
-0.000393
-0.001451
-0.002460
-0.003384
-0.004189
-0.004848
-0.005336
-0.005635
-0.005735
-0.005632
-0.005329
-0.004836
-0.004170
-0.003354
-0.002418
-0.001394
-0.000318
0.000771
0.001836
0.002838
0.003741
0.004513
0.005127
0.005560
0.005797
0.005828
0.005653
0.005276
0.004712
0.003979
0.003103
0.002115
0.001049
-0.000056
-0.001161
-0.002228
-0.003218
-0.004096
-0.004830
-0.005395
-0.005769
-0.005940
-0.005900
-0.005650
-0.005199
-0.004563
-0.003763
-0.002828
-0.001791
-0.000687
0.000443
0.001561
0.002625
0.003599
0.004447
0.005139
0.005650
0.005962
0.006063
0.005949
0.005623
0.005097
0.004389
0.003524
0.002531
0.001446
0.000308
-0.000845
-0.001969
-0.003027
-0.003980
-0.004793
-0.005438
-0.005892
-0.006138
-0.006166
-0.005975
-0.005572
-0.004970
-0.004190
-0.003260
-0.002211
-0.001082
0.000088
0.001258
0.002386
0.003432
0.004359
0.005133
0.005727
0.006119
0.006294
0.006246
0.005977
0.005495
0.004816
0.003965
0.002971
0.001869
0.000698
-0.000500
-0.001684
-0.002810
-0.003840
-0.004736
-0.005465
-0.006003
-0.006329
-0.006430
-0.006304
-0.005954
-0.005391
-0.004636
-0.003714
-0.002658
-0.001505
-0.000296
0.000927
0.002119
0.003240
0.004248
0.005108
0.005788
0.006265
0.006520
0.006545
0.006337
0.005904
0.005260
0.004428
0.003436
0.002320
0.001119
-0.000125
-0.001368
-0.002565
-0.003674
-0.004656
-0.005474
-0.006101
-0.006512
-0.006693
-0.006637
-0.006345
-0.005827
-0.005101
-0.004192
-0.003132
-0.001958
-0.000711
0.000564
0.001822
0.003019
0.004112
0.005061
0.005834
0.006401
0.006742
0.006845
0.006705
0.006327
0.005723
0.004914
0.003928
0.002801
0.001571
0.000283
-0.001020
-0.002289
-0.003480
-0.004551
-0.005464
-0.006184
-0.006687
-0.006954
-0.006974
-0.006747
-0.006280
-0.005589
-0.004697
-0.003636
-0.002443
-0.001161
0.000167
0.001492
0.002767
0.003948
0.004992
0.005861
0.006524
0.006958
0.007146
0.007080
0.006763
0.006205
0.005425
0.004450
0.003315
0.002059
0.000726
-0.000636
-0.001980
-0.003256
-0.004421
-0.005432
-0.006252
-0.006853
-0.007212
-0.007316
-0.007161
-0.006751
-0.006100
-0.005230
-0.004173
-0.002964
-0.001647
-0.000267
0.001125
0.002482
0.003755
0.004897
0.005869
0.006635
0.007168
0.007448
0.007464
0.007215
0.006709
0.005964
0.005004
0.003864
0.002584
0.001208
-0.000214
-0.001634
-0.002999
-0.004261
-0.005376
-0.006303
-0.007009
-0.007469
-0.007664
-0.007587
-0.007241
-0.006637
-0.005796
-0.004746
-0.003524
-0.002174
-0.000743
0.000719
0.002160
0.003528
0.004775
0.005856
0.006732
0.007372
0.007752
0.007858
0.007685
0.007238
0.006533
0.005594
0.004454
0.003152
0.001734
0.000250
-0.001247
-0.002704
-0.004070
-0.005295
-0.006336
-0.007155
-0.007722
-0.008017
-0.008028
-0.007754
-0.007204
-0.006396
-0.005359
-0.004128
-0.002746
-0.001263
0.000269
0.001797
0.003266
0.004623
0.005820
0.006814
0.007569
0.008058
0.008262
0.008174
0.007794
0.007137
0.006224
0.005087
0.003766
0.002307
0.000762
-0.000816
-0.002369
-0.003843
-0.005186
-0.006348
-0.007289
-0.007974
-0.008378
-0.008486
-0.008292
-0.007803
-0.007036
-0.006016
-0.004780
-0.003369
-0.001835
-0.000230
0.001388
0.002963
0.004437
0.005758
0.006879
0.007760
0.008367
0.008680
0.008685
0.008382
0.007780
0.006900
0.005771
0.004434
0.002935
0.001327
-0.000334
-0.001988
-0.003577
-0.005045
-0.006338
-0.007411
-0.008224
-0.008747
-0.008962
-0.008859
-0.008441
-0.007722
-0.006726
-0.005487
-0.004050
-0.002464
-0.000785
0.000928
0.002614
0.004213
0.005667
0.006925
0.007942
0.008680
0.009112
0.009222
0.009005
0.008467
0.007627
0.006513
0.005163
0.003625
0.001953
0.000206
-0.001555
-0.003267
-0.004868
-0.006303
-0.007519
-0.008472
-0.009127
-0.009461
-0.009459
-0.009122
-0.008459
-0.007494
-0.006259
-0.004796
-0.003159
-0.001403
0.000409
0.002214
0.003946
0.005544
0.006951
0.008117
0.008998
0.009563
0.009790
0.009671
0.009207
0.008415
0.007320
0.005962
0.004386
0.002649
0.000811
-0.001062
-0.002905
-0.004651
-0.006239
-0.007612
-0.008719
-0.009520
-0.009986
-0.010100
-0.009854
-0.009258
-0.008331
-0.007104
-0.005620
-0.003930
-0.002095
-0.000177
0.001753
0.003630
0.005384
0.006954
0.008283
0.009323
0.010036
0.010395
0.010386
0.010008
0.009273
0.008206
0.006842
0.005231
0.003427
0.001494
-0.000500
-0.002484
-0.004388
-0.006144
-0.007688
-0.008965
-0.009929
-0.010544
-0.010787
-0.010648
-0.010129
-0.009249
-0.008036
-0.006533
-0.004792
-0.002873
-0.000844
0.001224
0.003256
0.005181
0.006931
0.008441
0.009657
0.010536
0.011044
0.011161
0.010883
0.010216
0.009184
0.007821
0.006174
0.004300
0.002266
0.000143
-0.001995
-0.004071
-0.006011
-0.007746
-0.009213
-0.010359
-0.011142
-0.011533
-0.011515
-0.011088
-0.010265
-0.009074
-0.007555
-0.005761
-0.003754
-0.001604
0.000612
0.002815
0.004929
0.006877
0.008590
0.010004
0.011070
0.011747
0.012010
0.011846
0.011262
0.010274
0.008916
0.007236
0.005290
0.003148
0.000884
-0.001423
-0.003689
-0.005834
-0.007783
-0.009463
-0.010816
-0.011790
-0.012350
-0.012473
-0.012153
-0.011400
-0.010239
-0.008708
-0.006860
-0.004759
-0.002479
-0.000100
0.002294
0.004618
0.006789
0.008729
0.010369
0.011647
0.012518
0.012949
0.012921
0.012433
0.011502
0.010156
0.008444
0.006422
0.004162
0.001743
-0.000751
-0.003230
-0.005606
-0.007796
-0.009719
-0.011307
-0.012501
-0.013256
-0.013544
-0.013352
-0.012684
-0.011562
-0.010023
-0.008120
-0.005918
-0.003494
-0.000934
0.001673
0.004235
0.006659
0.008859
0.010756
0.012281
0.013376
0.014003
0.014134
0.013764
0.012903
0.011578
0.009834
0.007731
0.005342
0.002750
0.000045
-0.002675
-0.005315
-0.007781
-0.009984
-0.011844
-0.013293
-0.014277
-0.014759
-0.014719
-0.014156
-0.013086
-0.011544
-0.009584
-0.007271
-0.004686
-0.001921
0.000929
0.003763
0.006478
0.008979
0.011176
0.012987
0.014347
0.015205
0.015527
0.015299
0.014525
0.013230
0.011457
0.009266
0.006733
0.003944
0.000999
-0.002000
-0.004945
-0.007733
-0.010262
-0.012442
-0.014192
-0.015449
-0.016163
-0.016307
-0.015872
-0.014870
-0.013332
-0.011311
-0.008875
-0.006107
-0.003105
0.000026
0.003177
0.006234
0.009089
0.011640
0.013792
0.015468
0.016604
0.017157
0.017103
0.016440
0.015188
0.013388
0.011099
0.008400
0.005385
0.002158
-0.001168
-0.004474
-0.007643
-0.010562
-0.013124
-0.015237
-0.016823
-0.017820
-0.018190
-0.017916
-0.017002
-0.015477
-0.013390
-0.010813
-0.007832
-0.004552
-0.001087
0.002441
0.005908
0.009189
0.012167
0.014733
0.016793
0.018270
0.019108
0.019272
0.018751
0.017559
0.015733
0.013334
0.010443
0.007158
0.003594
-0.000125
-0.003867
-0.007500
-0.010894
-0.013926
-0.016485
-0.018477
-0.019826
-0.020481
-0.020411
-0.019614
-0.018113
-0.015955
-0.013212
-0.009977
-0.006361
-0.002489
0.001502
0.005471
0.009278
0.012786
0.015867
0.018408
0.020314
0.021513
0.021956
0.021620
0.020512
0.018665
0.016137
0.013013
0.009399
0.005419
0.001213
-0.003073
-0.007287
-0.011277
-0.014901
-0.018025
-0.020536
-0.022336
-0.023358
-0.023556
-0.022917
-0.021456
-0.019218
-0.016275
-0.012725
-0.008689
-0.004307
0.000269
0.004879
0.009357
0.013544
0.017287
0.020451
0.022915
0.024587
0.025399
0.025313
0.024325
0.022460
0.019777
0.016362
0.012331
0.007820
0.002986
-0.002003
-0.006971
-0.011741
-0.016141
-0.020011
-0.023207
-0.025609
-0.027124
-0.027687
-0.027269
-0.025875
-0.023543
-0.020347
-0.016392
-0.011810
-0.006756
-0.001407
0.004051
0.009424
0.014521
0.019158
0.023163
0.026387
0.028706
0.030028
0.030295
0.029484
0.027612
0.024734
0.020939
0.016353
0.011129
0.005445
-0.000500
-0.006500
-0.012341
-0.017813
-0.022717
-0.026871
-0.030118
-0.032331
-0.033418
-0.033327
-0.032045
-0.029602
-0.026072
-0.021565
-0.016229
-0.010244
-0.003813
0.002840
0.009481
0.015874
0.021787
0.027003
0.031328
0.034594
0.036671
0.037467
0.036937
0.035080
0.031943
0.027620
0.022247
0.015999
0.009087
0.001747
-0.005766
-0.013188
-0.020252
-0.026701
-0.032297
-0.036826
-0.040110
-0.042014
-0.042446
-0.041367
-0.038792
-0.034788
-0.029474
-0.023016
-0.015627
-0.007553
0.000930
0.009526
0.017932
0.025844
0.032973
0.039050
0.043839
0.047147
0.048829
0.048794
0.047012
0.043514
0.038391
0.031794
0.023930
0.015054
0.005463
-0.004517
-0.014538
-0.024244
-0.033282
-0.041317
-0.048041
-0.053187
-0.056538
-0.057936
-0.057287
-0.054570
-0.049834
-0.043203
-0.034869
-0.025088
-0.014176
-0.002494
0.009560
0.021568
0.033099
0.043732
0.053065
0.060734
0.066420
0.069871
0.070904
0.069416
0.065392
0.058904
0.050113
0.039267
0.026691
0.012782
-0.002005
-0.017171
-0.032190
-0.046522
-0.059636
-0.071028
-0.080237
-0.086861
-0.090579
-0.091159
-0.088470
-0.082489
-0.073311
-0.061141
-0.046298
-0.029205
-0.010379
0.009583
0.030022
0.050234
0.069496
0.087086
0.102309
0.114520
0.123150
0.127723
0.127881
0.123398
0.114192
0.100338
0.082069
0.059779
0.034016
0.005472
-0.025029
-0.056550
-0.088068
-0.118493
-0.146704
-0.171575
-0.192010
-0.206971
-0.215515
-0.216818
-0.210208
-0.195181
-0.171429
-0.138851
-0.097560
-0.047894
0.009595
0.074138
0.144774
0.220361
0.299602
0.381076
0.463268
0.544608
0.623501
0.698375
0.767713
0.830090
0.884213
0.928951
0.963362
0.986716
0.998519
0.998519
0.986716
0.963362
0.928951
0.884213
0.830090
0.767713
0.698375
0.623501
0.544608
0.463268
0.381076
0.299602
0.220361
0.144774
0.074138
0.009595
-0.047894
-0.097560
-0.138851
-0.171429
-0.195181
-0.210208
-0.216818
-0.215515
-0.206971
-0.192010
-0.171575
-0.146704
-0.118493
-0.088068
-0.056550
-0.025029
0.005472
0.034016
0.059779
0.082069
0.100338
0.114192
0.123398
0.127881
0.127723
0.123150
0.114520
0.102309
0.087086
0.069496
0.050234
0.030022
0.009583
-0.010379
-0.029205
-0.046298
-0.061141
-0.073311
-0.082489
-0.088470
-0.091159
-0.090579
-0.086861
-0.080237
-0.071028
-0.059636
-0.046522
-0.032190
-0.017171
-0.002005
0.012782
0.026691
0.039267
0.050113
0.058904
0.065392
0.069416
0.070904
0.069871
0.066420
0.060734
0.053065
0.043732
0.033099
0.021568
0.009560
-0.002494
-0.014176
-0.025088
-0.034869
-0.043203
-0.049834
-0.054570
-0.057287
-0.057936
-0.056538
-0.053187
-0.048041
-0.041317
-0.033282
-0.024244
-0.014538
-0.004517
0.005463
0.015054
0.023930
0.031794
0.038391
0.043514
0.047012
0.048794
0.048829
0.047147
0.043839
0.039050
0.032973
0.025844
0.017932
0.009526
0.000930
-0.007553
-0.015627
-0.023016
-0.029474
-0.034788
-0.038792
-0.041367
-0.042446
-0.042014
-0.040110
-0.036826
-0.032297
-0.026701
-0.020252
-0.013188
-0.005766
0.001747
0.009087
0.015999
0.022247
0.027620
0.031943
0.035080
0.036937
0.037467
0.036671
0.034594
0.031328
0.027003
0.021787
0.015874
0.009481
0.002840
-0.003813
-0.010244
-0.016229
-0.021565
-0.026072
-0.029602
-0.032045
-0.033327
-0.033418
-0.032331
-0.030118
-0.026871
-0.022717
-0.017813
-0.012341
-0.006500
-0.000500
0.005445
0.011129
0.016353
0.020939
0.024734
0.027612
0.029484
0.030295
0.030028
0.028706
0.026387
0.023163
0.019158
0.014521
0.009424
0.004051
-0.001407
-0.006756
-0.011810
-0.016392
-0.020347
-0.023543
-0.025875
-0.027269
-0.027687
-0.027124
-0.025609
-0.023207
-0.020011
-0.016141
-0.011741
-0.006971
-0.002003
0.002986
0.007820
0.012331
0.016362
0.019777
0.022460
0.024325
0.025313
0.025399
0.024587
0.022915
0.020451
0.017287
0.013544
0.009357
0.004879
0.000269
-0.004307
-0.008689
-0.012725
-0.016275
-0.019218
-0.021456
-0.022917
-0.023556
-0.023358
-0.022336
-0.020536
-0.018025
-0.014901
-0.011277
-0.007287
-0.003073
0.001213
0.005419
0.009399
0.013013
0.016137
0.018665
0.020512
0.021620
0.021956
0.021513
0.020314
0.018408
0.015867
0.012786
0.009278
0.005471
0.001502
-0.002489
-0.006361
-0.009977
-0.013212
-0.015955
-0.018113
-0.019614
-0.020411
-0.020481
-0.019826
-0.018477
-0.016485
-0.013926
-0.010894
-0.007500
-0.003867
-0.000125
0.003594
0.007158
0.010443
0.013334
0.015733
0.017559
0.018751
0.019272
0.019108
0.018270
0.016793
0.014733
0.012167
0.009189
0.005908
0.002441
-0.001087
-0.004552
-0.007832
-0.010813
-0.013390
-0.015477
-0.017002
-0.017916
-0.018190
-0.017820
-0.016823
-0.015237
-0.013124
-0.010562
-0.007643
-0.004474
-0.001168
0.002158
0.005385
0.008400
0.011099
0.013388
0.015188
0.016440
0.017103
0.017157
0.016604
0.015468
0.013792
0.011640
0.009089
0.006234
0.003177
0.000026
-0.003105
-0.006107
-0.008875
-0.011311
-0.013332
-0.014870
-0.015872
-0.016307
-0.016163
-0.015449
-0.014192
-0.012442
-0.010262
-0.007733
-0.004945
-0.002000
0.000999
0.003944
0.006733
0.009266
0.011457
0.013230
0.014525
0.015299
0.015527
0.015205
0.014347
0.012987
0.011176
0.008979
0.006478
0.003763
0.000929
-0.001921
-0.004686
-0.007271
-0.009584
-0.011544
-0.013086
-0.014156
-0.014719
-0.014759
-0.014277
-0.013293
-0.011844
-0.009984
-0.007781
-0.005315
-0.002675
0.000045
0.002750
0.005342
0.007731
0.009834
0.011578
0.012903
0.013764
0.014134
0.014003
0.013376
0.012281
0.010756
0.008859
0.006659
0.004235
0.001673
-0.000934
-0.003494
-0.005918
-0.008120
-0.010023
-0.011562
-0.012684
-0.013352
-0.013544
-0.013256
-0.012501
-0.011307
-0.009719
-0.007796
-0.005606
-0.003230
-0.000751
0.001743
0.004162
0.006422
0.008444
0.010156
0.011502
0.012433
0.012921
0.012949
0.012518
0.011647
0.010369
0.008729
0.006789
0.004618
0.002294
-0.000100
-0.002479
-0.004759
-0.006860
-0.008708
-0.010239
-0.011400
-0.012153
-0.012473
-0.012350
-0.011790
-0.010816
-0.009463
-0.007783
-0.005834
-0.003689
-0.001423
0.000884
0.003148
0.005290
0.007236
0.008916
0.010274
0.011262
0.011846
0.012010
0.011747
0.011070
0.010004
0.008590
0.006877
0.004929
0.002815
0.000612
-0.001604
-0.003754
-0.005761
-0.007555
-0.009074
-0.010265
-0.011088
-0.011515
-0.011533
-0.011142
-0.010359
-0.009213
-0.007746
-0.006011
-0.004071
-0.001995
0.000143
0.002266
0.004300
0.006174
0.007821
0.009184
0.010216
0.010883
0.011161
0.011044
0.010536
0.009657
0.008441
0.006931
0.005181
0.003256
0.001224
-0.000844
-0.002873
-0.004792
-0.006533
-0.008036
-0.009249
-0.010129
-0.010648
-0.010787
-0.010544
-0.009929
-0.008965
-0.007688
-0.006144
-0.004388
-0.002484
-0.000500
0.001494
0.003427
0.005231
0.006842
0.008206
0.009273
0.010008
0.010386
0.010395
0.010036
0.009323
0.008283
0.006954
0.005384
0.003630
0.001753
-0.000177
-0.002095
-0.003930
-0.005620
-0.007104
-0.008331
-0.009258
-0.009854
-0.010100
-0.009986
-0.009520
-0.008719
-0.007612
-0.006239
-0.004651
-0.002905
-0.001062
0.000811
0.002649
0.004386
0.005962
0.007320
0.008415
0.009207
0.009671
0.009790
0.009563
0.008998
0.008117
0.006951
0.005544
0.003946
0.002214
0.000409
-0.001403
-0.003159
-0.004796
-0.006259
-0.007494
-0.008459
-0.009122
-0.009459
-0.009461
-0.009127
-0.008472
-0.007519
-0.006303
-0.004868
-0.003267
-0.001555
0.000206
0.001953
0.003625
0.005163
0.006513
0.007627
0.008467
0.009005
0.009222
0.009112
0.008680
0.007942
0.006925
0.005667
0.004213
0.002614
0.000928
-0.000785
-0.002464
-0.004050
-0.005487
-0.006726
-0.007722
-0.008441
-0.008859
-0.008962
-0.008747
-0.008224
-0.007411
-0.006338
-0.005045
-0.003577
-0.001988
-0.000334
0.001327
0.002935
0.004434
0.005771
0.006900
0.007780
0.008382
0.008685
0.008680
0.008367
0.007760
0.006879
0.005758
0.004437
0.002963
0.001388
-0.000230
-0.001835
-0.003369
-0.004780
-0.006016
-0.007036
-0.007803
-0.008292
-0.008486
-0.008378
-0.007974
-0.007289
-0.006348
-0.005186
-0.003843
-0.002369
-0.000816
0.000762
0.002307
0.003766
0.005087
0.006224
0.007137
0.007794
0.008174
0.008262
0.008058
0.007569
0.006814
0.005820
0.004623
0.003266
0.001797
0.000269
-0.001263
-0.002746
-0.004128
-0.005359
-0.006396
-0.007204
-0.007754
-0.008028
-0.008017
-0.007722
-0.007155
-0.006336
-0.005295
-0.004070
-0.002704
-0.001247
0.000250
0.001734
0.003152
0.004454
0.005594
0.006533
0.007238
0.007685
0.007858
0.007752
0.007372
0.006732
0.005856
0.004775
0.003528
0.002160
0.000719
-0.000743
-0.002174
-0.003524
-0.004746
-0.005796
-0.006637
-0.007241
-0.007587
-0.007664
-0.007469
-0.007009
-0.006303
-0.005376
-0.004261
-0.002999
-0.001634
-0.000214
0.001208
0.002584
0.003864
0.005004
0.005964
0.006709
0.007215
0.007464
0.007448
0.007168
0.006635
0.005869
0.004897
0.003755
0.002482
0.001125
-0.000267
-0.001647
-0.002964
-0.004173
-0.005230
-0.006100
-0.006751
-0.007161
-0.007316
-0.007212
-0.006853
-0.006252
-0.005432
-0.004421
-0.003256
-0.001980
-0.000636
0.000726
0.002059
0.003315
0.004450
0.005425
0.006205
0.006763
0.007080
0.007146
0.006958
0.006524
0.005861
0.004992
0.003948
0.002767
0.001492
0.000167
-0.001161
-0.002443
-0.003636
-0.004697
-0.005589
-0.006280
-0.006747
-0.006974
-0.006954
-0.006687
-0.006184
-0.005464
-0.004551
-0.003480
-0.002289
-0.001020
0.000283
0.001571
0.002801
0.003928
0.004914
0.005723
0.006327
0.006705
0.006845
0.006742
0.006401
0.005834
0.005061
0.004112
0.003019
0.001822
0.000564
-0.000711
-0.001958
-0.003132
-0.004192
-0.005101
-0.005827
-0.006345
-0.006637
-0.006693
-0.006512
-0.006101
-0.005474
-0.004656
-0.003674
-0.002565
-0.001368
-0.000125
0.001119
0.002320
0.003436
0.004428
0.005260
0.005904
0.006337
0.006545
0.006520
0.006265
0.005788
0.005108
0.004248
0.003240
0.002119
0.000927
-0.000296
-0.001505
-0.002658
-0.003714
-0.004636
-0.005391
-0.005954
-0.006304
-0.006430
-0.006329
-0.006003
-0.005465
-0.004736
-0.003840
-0.002810
-0.001684
-0.000500
0.000698
0.001869
0.002971
0.003965
0.004816
0.005495
0.005977
0.006246
0.006294
0.006119
0.005727
0.005133
0.004359
0.003432
0.002386
0.001258
0.000088
-0.001082
-0.002211
-0.003260
-0.004190
-0.004970
-0.005572
-0.005975
-0.006166
-0.006138
-0.005892
-0.005438
-0.004793
-0.003980
-0.003027
-0.001969
-0.000845
0.000308
0.001446
0.002531
0.003524
0.004389
0.005097
0.005623
0.005949
0.006063
0.005962
0.005650
0.005139
0.004447
0.003599
0.002625
0.001561
0.000443
-0.000687
-0.001791
-0.002828
-0.003763
-0.004563
-0.005199
-0.005650
-0.005900
-0.005940
-0.005769
-0.005395
-0.004830
-0.004096
-0.003218
-0.002228
-0.001161
-0.000056
0.001049
0.002115
0.003103
0.003979
0.004712
0.005276
0.005653
0.005828
0.005797
0.005560
0.005127
0.004513
0.003741
0.002838
0.001836
0.000771
-0.000318
-0.001394
-0.002418
-0.003354
-0.004170
-0.004836
-0.005329
-0.005632
-0.005735
-0.005635
-0.005336
-0.004848
-0.004189
-0.003384
-0.002460
-0.001451
-0.000393
0.000677
0.001720
0.002701
0.003583
0.004337
0.004935
0.005358
0.005589
0.005623
0.005457
0.005098
0.004559
0.003860
0.003025
0.002086
0.001074
0.000026
-0.001020
-0.002028
-0.002962
-0.003789
-0.004480
-0.005011
-0.005364
-0.005526
-0.005491
-0.005262
-0.004847
-0.004262
-0.003526
-0.002668
-0.001716
-0.000706
0.000327
0.001347
0.002317
0.003202
0.003973
0.004601
0.005064
0.005348
0.005441
0.005342
0.005053
0.004586
0.003958
0.003190
0.002311
0.001352
0.000348
-0.000668
-0.001657
-0.002586
-0.003421
-0.004133
-0.004698
-0.005095
-0.005311
-0.005338
-0.005176
-0.004831
-0.004315
-0.003648
-0.002852
-0.001958
-0.000996
-0.000000
